-0.43255,-0.16138,0.88705,0,0.81465,0.3516,0.46121,0,-0.38632,0.92213,-0.020618,0,-181.14,357.8,284.59,1
-0.43337,-0.16476,0.88603,0,0.8131,0.35253,0.46325,0,-0.38867,0.92118,-0.018807,0,-182,357.05,284.27,1
-0.43418,-0.16817,0.88499,0,0.81151,0.35348,0.4653,0,-0.39107,0.9202,-0.017001,0,-182.87,356.3,283.94,1
-0.43499,-0.17161,0.88393,0,0.80989,0.35446,0.46737,0,-0.39352,0.91919,-0.015202,0,-183.74,355.55,283.6,1
-0.4358,-0.17508,0.88285,0,0.80824,0.35547,0.46946,0,-0.39602,0.91814,-0.013411,0,-184.62,354.81,283.26,1
-0.4366,-0.17857,0.88176,0,0.80655,0.35652,0.47156,0,-0.39857,0.91707,-0.011628,0,-185.49,354.06,282.9,1
-0.43739,-0.18208,0.88065,0,0.80484,0.35759,0.47367,0,-0.40115,0.91596,-0.0098565,0,-186.37,353.32,282.55,1
-0.43817,-0.18562,0.87952,0,0.8031,0.35868,0.47579,0,-0.40378,0.91482,-0.0080962,0,-187.24,352.58,282.19,1
-0.43894,-0.18917,0.87838,0,0.80133,0.35981,0.47792,0,-0.40646,0.91365,-0.0063488,0,-188.11,351.84,281.82,1
-0.4397,-0.19273,0.87722,0,0.79953,0.36096,0.48006,0,-0.40917,0.91245,-0.0046156,0,-188.98,351.11,281.45,1
-0.44044,-0.19631,0.87605,0,0.79771,0.36214,0.4822,0,-0.41191,0.91122,-0.0028977,0,-189.84,350.38,281.08,1
-0.44117,-0.19991,0.87487,0,0.79586,0.36334,0.48435,0,-0.4147,0.90996,-0.0011964,0,-190.69,349.65,280.7,1
-0.44189,-0.20351,0.87368,0,0.79399,0.36456,0.4865,0,-0.41751,0.90867,0.00048713,0,-191.54,348.93,280.33,1
-0.44259,-0.20711,0.87248,0,0.79209,0.3658,0.48865,0,-0.42036,0.90735,0.0021516,0,-192.37,348.22,279.95,1
-0.44327,-0.21072,0.87127,0,0.79018,0.36707,0.49079,0,-0.42324,0.90601,0.0037959,0,-193.19,347.51,279.58,1
-0.44393,-0.21433,0.87005,0,0.78824,0.36836,0.49293,0,-0.42614,0.90464,0.0054188,0,-193.99,346.81,279.2,1
-0.44457,-0.21794,0.86883,0,0.78629,0.36966,0.49507,0,-0.42907,0.90325,0.0070193,0,-194.78,346.12,278.84,1
-0.4452,-0.22154,0.8676,0,0.78432,0.37099,0.4972,0,-0.43202,0.90182,0.0085962,0,-195.55,345.43,278.47,1
-0.4458,-0.22514,0.86636,0,0.78234,0.37233,0.49932,0,-0.43499,0.90038,0.010148,0,-196.3,344.76,278.11,1
-0.44637,-0.22872,0.86512,0,0.78034,0.37369,0.50142,0,-0.43797,0.89891,0.011675,0,-197.03,344.1,277.75,1
-0.44693,-0.23229,0.86388,0,0.77833,0.37506,0.50352,0,-0.44097,0.89742,0.013175,0,-197.74,343.44,277.41,1
-0.44746,-0.23585,0.86264,0,0.77631,0.37645,0.5056,0,-0.44399,0.89591,0.014647,0,-198.42,342.8,277.07,1
-0.44797,-0.23939,0.8614,0,0.77428,0.37785,0.50766,0,-0.44701,0.89438,0.016091,0,-199.08,342.17,276.73,1
-0.44845,-0.24291,0.86017,0,0.77224,0.37926,0.50971,0,-0.45004,0.89284,0.017505,0,-199.7,341.55,276.41,1
-0.44891,-0.24641,0.85893,0,0.7702,0.38068,0.51174,0,-0.45308,0.89127,0.018889,0,-200.3,340.94,276.1,1
-0.44934,-0.24988,0.8577,0,0.76815,0.38212,0.51375,0,-0.45612,0.88969,0.020242,0,-200.87,340.35,275.8,1
-0.44975,-0.25332,0.85648,0,0.7661,0.38356,0.51573,0,-0.45915,0.8881,0.021563,0,-201.41,339.77,275.51,1
-0.45013,-0.25673,0.85526,0,0.76405,0.38501,0.51769,0,-0.46219,0.88649,0.022852,0,-201.91,339.21,275.24,1
-0.45049,-0.26011,0.85405,0,0.76199,0.38646,0.51963,0,-0.46522,0.88487,0.024108,0,-202.38,338.66,274.98,1
-0.45082,-0.26346,0.85285,0,0.75994,0.38792,0.52154,0,-0.46824,0.88324,0.02533,0,-202.81,338.12,274.73,1
-0.45112,-0.26676,0.85166,0,0.7579,0.38939,0.52342,0,-0.47126,0.8816,0.026517,0,-203.2,337.61,274.5,1
-0.45141,-0.27003,0.85048,0,0.75585,0.39085,0.52528,0,-0.47426,0.87995,0.02767,0,-203.55,337.11,274.29,1
-0.45166,-0.27326,0.84931,0,0.75382,0.39232,0.52711,0,-0.47724,0.8783,0.028788,0,-203.86,336.62,274.09,1
-0.4519,-0.27644,0.84816,0,0.75179,0.39379,0.5289,0,-0.48021,0.87665,0.029869,0,-204.13,336.16,273.91,1
-0.45211,-0.27957,0.84702,0,0.74977,0.39526,0.53067,0,-0.48315,0.87499,0.030915,0,-204.36,335.71,273.74,1
-0.4523,-0.28266,0.84589,0,0.74777,0.39673,0.5324,0,-0.48607,0.87333,0.031925,0,-204.55,335.29,273.6,1
-0.45246,-0.28569,0.84478,0,0.74578,0.39819,0.5341,0,-0.48897,0.87168,0.032898,0,-204.68,334.88,273.47,1
-0.45261,-0.28868,0.84369,0,0.7438,0.39965,0.53576,0,-0.49184,0.87003,0.033834,0,-204.77,334.49,273.37,1
-0.45273,-0.2916,0.84262,0,0.74184,0.4011,0.53739,0,-0.49468,0.86838,0.034734,0,-204.82,334.12,273.28,1
-0.45283,-0.29447,0.84156,0,0.7399,0.40254,0.53899,0,-0.49748,0.86674,0.035596,0,-204.81,333.77,273.21,1
-0.45292,-0.29729,0.84053,0,0.73798,0.40398,0.54054,0,-0.50025,0.86512,0.036422,0,-204.75,333.44,273.17,1
-0.45299,-0.30004,0.83951,0,0.73608,0.4054,0.54207,0,-0.50298,0.8635,0.03721,0,-204.64,333.14,273.15,1
-0.45304,-0.30272,0.83852,0,0.73421,0.40681,0.54355,0,-0.50566,0.8619,0.037961,0,-204.48,332.85,273.15,1
-0.45308,-0.30535,0.83755,0,0.73236,0.40821,0.545,0,-0.50831,0.86031,0.038674,0,-204.27,332.59,273.17,1
-0.4531,-0.30791,0.8366,0,0.73053,0.40959,0.5464,0,-0.5109,0.85874,0.039351,0,-204,332.35,273.21,1
-0.45311,-0.3104,0.83567,0,0.72874,0.41095,0.54777,0,-0.51345,0.85719,0.039991,0,-203.67,332.13,273.28,1
-0.45311,-0.31282,0.83477,0,0.72698,0.4123,0.5491,0,-0.51594,0.85566,0.040595,0,-203.29,331.94,273.37,1
-0.4531,-0.31516,0.83389,0,0.72525,0.41362,0.55039,0,-0.51838,0.85416,0.041161,0,-202.85,331.77,273.48,1
-0.45308,-0.31744,0.83304,0,0.72355,0.41492,0.55164,0,-0.52076,0.85268,0.041692,0,-202.35,331.62,273.61,1
-0.45305,-0.31964,0.83221,0,0.72189,0.4162,0.55285,0,-0.52308,0.85124,0.042186,0,-201.8,331.49,273.77,1
-0.45302,-0.32176,0.83141,0,0.72027,0.41745,0.55402,0,-0.52534,0.84983,0.042644,0,-201.18,331.39,273.96,1
-0.45299,-0.32381,0.83063,0,0.71869,0.41867,0.55515,0,-0.52753,0.84845,0.043067,0,-200.5,331.31,274.16,1
-0.45295,-0.32578,0.82988,0,0.71715,0.41987,0.55624,0,-0.52965,0.8471,0.043454,0,-199.76,331.26,274.39,1
-0.45291,-0.32766,0.82916,0,0.71566,0.42103,0.55729,0,-0.5317,0.8458,0.043806,0,-198.95,331.23,274.65,1
-0.45287,-0.32947,0.82847,0,0.71421,0.42215,0.5583,0,-0.53368,0.84453,0.044124,0,-198.08,331.22,274.93,1
-0.45284,-0.33118,0.8278,0,0.7128,0.42324,0.55926,0,-0.53558,0.84332,0.044407,0,-197.15,331.23,275.23,1
-0.45281,-0.33282,0.82716,0,0.71145,0.4243,0.56019,0,-0.5374,0.84214,0.044656,0,-196.15,331.27,275.55,1
-0.45279,-0.33436,0.82655,0,0.71015,0.42531,0.56107,0,-0.53914,0.84102,0.044871,0,-195.08,331.34,275.9,1
-0.45278,-0.33582,0.82596,0,0.7089,0.42628,0.56192,0,-0.5408,0.83995,0.045053,0,-193.95,331.42,276.27,1
-0.45277,-0.33719,0.82541,0,0.7077,0.42721,0.56272,0,-0.54236,0.83893,0.045201,0,-192.75,331.53,276.66,1
-0.45278,-0.33847,0.82488,0,0.70656,0.42809,0.56348,0,-0.54384,0.83796,0.045316,0,-191.48,331.67,277.08,1
-0.4528,-0.33965,0.82438,0,0.70548,0.42892,0.56421,0,-0.54523,0.83706,0.045399,0,-190.14,331.82,277.52,1
-0.45284,-0.34074,0.82391,0,0.70446,0.4297,0.56489,0,-0.54652,0.83621,0.045449,0,-188.74,332,277.98,1
-0.45289,-0.34173,0.82347,0,0.70349,0.43043,0.56553,0,-0.54771,0.83543,0.045466,0,-187.26,332.2,278.46,1
-0.45297,-0.34263,0.82306,0,0.7026,0.4311,0.56613,0,-0.5488,0.83472,0.045452,0,-185.72,332.43,278.97,1
-0.45306,-0.34342,0.82268,0,0.70177,0.43172,0.56669,0,-0.54978,0.83407,0.045405,0,-184.1,332.67,279.49,1
-0.45318,-0.34412,0.82232,0,0.701,0.43228,0.56722,0,-0.55066,0.8335,0.045326,0,-182.41,332.94,280.03,1
-0.45332,-0.34471,0.82199,0,0.7003,0.43278,0.5677,0,-0.55143,0.83299,0.045215,0,-180.65,333.23,280.6,1
-0.45349,-0.3452,0.8217,0,0.69968,0.43321,0.56814,0,-0.55209,0.83257,0.045073,0,-178.82,333.54,281.18,1
-0.45368,-0.34558,0.82143,0,0.69912,0.43358,0.56854,0,-0.55263,0.83221,0.044898,0,-176.92,333.86,281.78,1
-0.45391,-0.34586,0.82119,0,0.69864,0.43388,0.56891,0,-0.55306,0.83194,0.044691,0,-174.94,334.21,282.4,1
-0.45416,-0.34603,0.82098,0,0.69823,0.43411,0.56923,0,-0.55336,0.83175,0.044452,0,-172.9,334.58,283.03,1
-0.45444,-0.34609,0.82079,0,0.6979,0.43427,0.56951,0,-0.55355,0.83164,0.044181,0,-170.78,334.96,283.69,1
-0.45476,-0.34603,0.82064,0,0.69765,0.43436,0.56976,0,-0.55361,0.83162,0.043876,0,-168.59,335.37,284.36,1
-0.45512,-0.34586,0.82052,0,0.69747,0.43437,0.56996,0,-0.55354,0.83169,0.043539,0,-166.33,335.79,285.04,1
-0.4555,-0.34557,0.82042,0,0.69738,0.43431,0.57012,0,-0.55334,0.83184,0.043168,0,-163.99,336.22,285.74,1
-0.45593,-0.34517,0.82036,0,0.69737,0.43416,0.57025,0,-0.553,0.83208,0.042763,0,-161.59,336.68,286.45,1
-0.45639,-0.34464,0.82032,0,0.69744,0.43394,0.57033,0,-0.55253,0.83242,0.042323,0,-159.11,337.14,287.17,1
-0.45689,-0.344,0.82032,0,0.69759,0.43363,0.57037,0,-0.55192,0.83284,0.041848,0,-156.56,337.63,287.91,1
-0.45742,-0.34322,0.82034,0,0.69783,0.43324,0.57038,0,-0.55117,0.83337,0.041337,0,-153.94,338.12,288.66,1
-0.458,-0.34232,0.8204,0,0.69816,0.43277,0.57034,0,-0.55028,0.83398,0.04079,0,-151.25,338.63,289.42,1
-0.45861,-0.34129,0.82048,0,0.69858,0.4322,0.57026,0,-0.54924,0.8347,0.040204,0,-148.49,339.15,290.19,1
-0.45927,-0.34013,0.8206,0,0.69908,0.43155,0.57013,0,-0.54805,0.83551,0.039581,0,-145.66,339.68,290.96,1
-0.45996,-0.33883,0.82075,0,0.69967,0.43081,0.56996,0,-0.54671,0.83642,0.038917,0,-142.76,340.22,291.75,1
-0.46069,-0.3374,0.82093,0,0.70036,0.42998,0.56975,0,-0.54521,0.83743,0.038213,0,-139.8,340.77,292.54,1
-0.46146,-0.33583,0.82114,0,0.70113,0.42905,0.5695,0,-0.54356,0.83853,0.037466,0,-136.76,341.33,293.34,1
-0.46227,-0.33411,0.82139,0,0.702,0.42803,0.56919,0,-0.54175,0.83974,0.036677,0,-133.66,341.9,294.15,1
-0.46312,-0.33225,0.82167,0,0.70296,0.42692,0.56884,0,-0.53978,0.84104,0.035842,0,-130.5,342.48,294.96,1
-0.464,-0.33024,0.82198,0,0.70402,0.42571,0.56844,0,-0.53765,0.84244,0.034962,0,-127.27,343.06,295.78,1
-0.46491,-0.32808,0.82233,0,0.70516,0.42441,0.56799,0,-0.53535,0.84394,0.034034,0,-123.97,343.64,296.6,1
-0.46586,-0.32576,0.82271,0,0.70641,0.42301,0.56749,0,-0.53288,0.84554,0.033056,0,-120.61,344.23,297.42,1
-0.46683,-0.32329,0.82313,0,0.70774,0.42151,0.56694,0,-0.53025,0.84724,0.032027,0,-117.2,344.83,298.24,1
-0.46784,-0.32065,0.82359,0,0.70918,0.41992,0.56633,0,-0.52744,0.84903,0.030945,0,-113.72,345.42,299.07,1
-0.46887,-0.31786,0.82409,0,0.7107,0.41823,0.56567,0,-0.52446,0.85091,0.029808,0,-110.18,346.02,299.89,1
-0.46992,-0.3149,0.82463,0,0.71233,0.41644,0.56495,0,-0.52131,0.85289,0.028615,0,-106.58,346.62,300.72,1
-0.47099,-0.31176,0.82521,0,0.71405,0.41455,0.56417,0,-0.51798,0.85496,0.027362,0,-102.93,347.21,301.55,1
-0.47208,-0.30846,0.82583,0,0.71586,0.41257,0.56332,0,-0.51447,0.85711,0.026047,0,-99.218,347.81,302.37,1
-0.47318,-0.30498,0.82649,0,0.71777,0.41049,0.56241,0,-0.51078,0.85936,0.02467,0,-95.455,348.41,303.2,1
-0.47429,-0.30132,0.8272,0,0.71978,0.40831,0.56143,0,-0.50692,0.86168,0.023226,0,-91.639,349,304.02,1
-0.4754,-0.29747,0.82795,0,0.72188,0.40603,0.56038,0,-0.50287,0.86409,0.021714,0,-87.772,349.59,304.84,1
-0.47651,-0.29344,0.82875,0,0.72408,0.40366,0.55925,0,-0.49864,0.86657,0.020131,0,-83.856,350.18,305.66,1
-0.47761,-0.28923,0.8296,0,0.72638,0.40119,0.55805,0,-0.49423,0.86913,0.018475,0,-79.892,350.76,306.48,1
-0.4787,-0.28482,0.8305,0,0.72877,0.39863,0.55677,0,-0.48964,0.87176,0.016743,0,-75.882,351.34,307.29,1
-0.47977,-0.28022,0.83145,0,0.73125,0.39598,0.5554,0,-0.48487,0.87446,0.014932,0,-71.826,351.91,308.1,1
-0.48081,-0.27542,0.83245,0,0.73383,0.39323,0.55395,0,-0.47991,0.87722,0.013039,0,-67.728,352.48,308.91,1
-0.48182,-0.27042,0.8335,0,0.7365,0.3904,0.55241,0,-0.47478,0.88004,0.011062,0,-63.587,353.04,309.71,1
-0.48279,-0.26522,0.83461,0,0.73927,0.38747,0.55077,0,-0.46946,0.88291,0.0089978,0,-59.407,353.59,310.51,1
-0.48372,-0.25981,0.83577,0,0.74213,0.38446,0.54903,0,-0.46397,0.88583,0.0068434,0,-55.189,354.14,311.3,1
-0.48459,-0.2542,0.83699,0,0.74508,0.38136,0.54719,0,-0.45829,0.88879,0.0045962,0,-50.933,354.68,312.09,1
-0.48539,-0.24838,0.83827,0,0.74812,0.37818,0.54525,0,-0.45244,0.89179,0.0022537,0,-46.642,355.21,312.88,1
-0.48613,-0.24235,0.83961,0,0.75126,0.37491,0.54319,0,-0.44642,0.89482,-0.00018686,0,-42.316,355.74,313.66,1
-0.48678,-0.23611,0.84101,0,0.75448,0.37156,0.54102,0,-0.44023,0.89788,-0.002728,0,-37.958,356.25,314.44,1
-0.48735,-0.22967,0.84246,0,0.75779,0.36814,0.53872,0,-0.43387,0.90096,-0.0053721,0,-33.568,356.76,315.22,1
-0.48781,-0.22301,0.84398,0,0.76119,0.36463,0.53631,0,-0.42734,0.90405,-0.0081217,0,-29.148,357.26,315.99,1
-0.48817,-0.21614,0.84556,0,0.76468,0.36105,0.53377,0,-0.42066,0.90715,-0.010979,0,-24.699,357.75,316.76,1
-0.48842,-0.20906,0.8472,0,0.76825,0.35739,0.5311,0,-0.41381,0.91026,-0.013946,0,-20.221,358.22,317.53,1
-0.48853,-0.20177,0.84889,0,0.7719,0.35366,0.52829,0,-0.40682,0.91335,-0.017026,0,-15.716,358.69,318.29,1
-0.48851,-0.19428,0.85065,0,0.77564,0.34986,0.52534,0,-0.39967,0.91644,-0.020219,0,-11.185,359.15,319.06,1
-0.48835,-0.18658,0.85247,0,0.77946,0.34598,0.52225,0,-0.39238,0.9195,-0.023529,0,-6.6293,359.59,319.82,1
-0.48803,-0.17868,0.85434,0,0.78335,0.34204,0.51901,0,-0.38496,0.92254,-0.026956,0,-2.0487,360.03,320.58,1
-0.48754,-0.17058,0.85628,0,0.78732,0.33803,0.51562,0,-0.3774,0.92555,-0.030503,0,2.5555,360.45,321.33,1
-0.48687,-0.16228,0.85827,0,0.79137,0.33395,0.51207,0,-0.36972,0.92852,-0.034171,0,7.1827,360.87,322.09,1
-0.48602,-0.15378,0.86031,0,0.79549,0.32981,0.50836,0,-0.36191,0.93144,-0.037962,0,11.832,361.27,322.84,1
-0.48498,-0.1451,0.86241,0,0.79968,0.3256,0.50448,0,-0.354,0.93431,-0.041876,0,16.504,361.65,323.6,1
-0.48372,-0.13623,0.86455,0,0.80393,0.32133,0.50044,0,-0.34598,0.93712,-0.045915,0,21.196,362.03,324.35,1
-0.48226,-0.12718,0.86675,0,0.80825,0.317,0.49622,0,-0.33787,0.93986,-0.050079,0,25.909,362.39,325.1,1
-0.48056,-0.11795,0.86899,0,0.81264,0.3126,0.49183,0,-0.32966,0.94253,-0.05437,0,30.643,362.74,325.85,1
-0.47863,-0.10856,0.87128,0,0.81708,0.30815,0.48726,0,-0.32138,0.94512,-0.058788,0,35.396,363.08,326.6,1
-0.47646,-0.098997,0.8736,0,0.82159,0.30363,0.4825,0,-0.31302,0.94763,-0.063334,0,40.169,363.4,327.35,1
-0.47403,-0.089279,0.87597,0,0.82614,0.29906,0.47755,0,-0.3046,0.95005,-0.068007,0,44.961,363.71,328.1,1
-0.47134,-0.079409,0.87837,0,0.83075,0.29443,0.47241,0,-0.29613,0.95237,-0.072807,0,49.773,364,328.85,1
-0.46838,-0.069396,0.8808,0,0.8354,0.28974,0.46707,0,-0.28761,0.95459,-0.077735,0,54.603,364.28,329.59,1
-0.46515,-0.059246,0.88325,0,0.8401,0.28499,0.46154,0,-0.27906,0.9567,-0.08279,0,59.452,364.54,330.34,1
-0.46162,-0.048967,0.88573,0,0.84483,0.28019,0.4558,0,-0.27049,0.9587,-0.087971,0,64.32,364.79,331.08,1
-0.4578,-0.038568,0.88822,0,0.84961,0.27533,0.44985,0,-0.2619,0.96058,-0.093277,0,69.206,365.02,331.83,1
-0.45367,-0.028056,0.89073,0,0.85441,0.27041,0.44369,0,-0.25331,0.96234,-0.098707,0,74.111,365.24,332.57,1
-0.44924,-0.017442,0.89324,0,0.85924,0.26544,0.43732,0,-0.24473,0.96397,-0.10426,0,79.034,365.44,333.31,1
-0.44449,-0.0067334,0.89576,0,0.86409,0.26041,0.43074,0,-0.23617,0.96547,-0.10993,0,83.976,365.62,334.05,1
-0.43943,0.0040598,0.89827,0,0.86896,0.25533,0.42393,0,-0.22763,0.96685,-0.11573,0,88.936,365.79,334.78,1
-0.43403,0.014928,0.90077,0,0.87384,0.25019,0.4169,0,-0.21914,0.96808,-0.12164,0,93.914,365.94,335.51,1
-0.4283,0.025862,0.90327,0,0.87873,0.245,0.40965,0,-0.2107,0.96918,-0.12766,0,98.911,366.07,336.24,1
-0.42224,0.036851,0.90574,0,0.88362,0.23975,0.40217,0,-0.20233,0.97013,-0.13379,0,103.93,366.18,336.96,1
-0.41583,0.047885,0.90818,0,0.8885,0.23445,0.39446,0,-0.19403,0.97095,-0.14004,0,108.96,366.28,337.67,1
-0.40909,0.058953,0.91059,0,0.89337,0.22909,0.38652,0,-0.18582,0.97162,-0.14639,0,114.01,366.35,338.38,1
-0.40199,0.070046,0.91296,0,0.89823,0.22368,0.37835,0,-0.17771,0.97214,-0.15283,0,119.08,366.41,339.09,1
-0.39455,0.081152,0.91528,0,0.90307,0.21821,0.36994,0,-0.1697,0.97252,-0.15938,0,124.17,366.44,339.78,1
-0.38676,0.092261,0.91755,0,0.90787,0.21269,0.36129,0,-0.16182,0.97275,-0.16602,0,129.28,366.46,340.47,1
-0.37862,0.10336,0.91976,0,0.91264,0.20712,0.35241,0,-0.15407,0.97284,-0.17275,0,134.4,366.45,341.14,1
-0.37013,0.11445,0.9219,0,0.91736,0.20149,0.34329,0,-0.14646,0.97278,-0.17956,0,139.55,366.42,341.8,1
-0.36128,0.1255,0.92397,0,0.92204,0.1958,0.33393,0,-0.13901,0.97258,-0.18646,0,144.71,366.37,342.45,1
-0.35209,0.13651,0.92596,0,0.92665,0.19007,0.32433,0,-0.13172,0.97223,-0.19342,0,149.88,366.3,343.09,1
-0.34255,0.14747,0.92785,0,0.9312,0.18428,0.31449,0,-0.12461,0.97175,-0.20045,0,155.08,366.21,343.71,1
-0.33266,0.15838,0.92965,0,0.93568,0.17844,0.30442,0,-0.11768,0.97112,-0.20755,0,160.29,366.09,344.32,1
-0.32243,0.1692,0.93135,0,0.94007,0.17255,0.2941,0,-0.11094,0.97036,-0.2147,0,165.52,365.95,344.9,1
-0.31186,0.17995,0.93293,0,0.94437,0.16661,0.28355,0,-0.10441,0.96946,-0.2219,0,170.77,365.79,345.47,1
-0.30095,0.19061,0.9344,0,0.94858,0.16062,0.27276,0,-0.098098,0.96844,-0.22914,0,176.03,365.6,346.02,1
-0.28972,0.20116,0.93574,0,0.95268,0.15459,0.26173,0,-0.092004,0.96728,-0.23642,0,181.31,365.39,346.54,1
-0.27815,0.2116,0.93694,0,0.95667,0.1485,0.25047,0,-0.086139,0.96601,-0.24373,0,186.6,365.15,347.04,1
-0.26627,0.22191,0.93801,0,0.96053,0.14237,0.23899,0,-0.080512,0.96462,-0.25106,0,191.9,364.88,347.52,1
-0.25408,0.2321,0.93892,0,0.96426,0.1362,0.22727,0,-0.075131,0.96311,-0.25841,0,197.22,364.59,347.97,1
-0.24158,0.24214,0.93968,0,0.96785,0.12998,0.21533,0,-0.070001,0.9615,-0.26576,0,202.56,364.28,348.39,1
-0.22879,0.25203,0.94028,0,0.9713,0.12372,0.20317,0,-0.06513,0.95978,-0.27311,0,207.9,363.94,348.78,1
-0.2157,0.26177,0.94072,0,0.97458,0.11743,0.19079,0,-0.060523,0.95796,-0.28045,0,213.25,363.57,349.13,1
-0.20234,0.27134,0.94097,0,0.9777,0.1111,0.1782,0,-0.056185,0.95605,-0.28777,0,218.62,363.17,349.46,1
-0.18871,0.28073,0.94105,0,0.98065,0.10473,0.1654,0,-0.052121,0.95405,-0.29506,0,223.99,362.75,349.75,1
-0.17481,0.28995,0.94094,0,0.98341,0.098332,0.1524,0,-0.048335,0.95198,-0.30233,0,229.37,362.3,350,1
-0.16067,0.29897,0.94064,0,0.98599,0.091904,0.13921,0,-0.04483,0.94983,-0.30955,0,234.75,361.82,350.21,1
-0.14629,0.3078,0.94014,0,0.98837,0.085451,0.12582,0,-0.041609,0.94761,-0.31672,0,240.14,361.31,350.38,1
-0.13168,0.31642,0.93943,0,0.99054,0.078975,0.11224,0,-0.038675,0.94532,-0.32383,0,245.53,360.78,350.52,1
-0.11686,0.32484,0.93852,0,0.99249,0.072478,0.098494,0,-0.036027,0.94299,-0.33087,0,250.93,360.21,350.6,1
-0.10184,0.33304,0.9374,0,0.99423,0.065965,0.084574,0,-0.033668,0.9406,-0.33784,0,256.32,359.62,350.65,1
-0.086622,0.34103,0.93605,0,0.99574,0.059438,0.070491,0,-0.031598,0.93817,-0.34472,0,261.71,359,350.64,1
-0.071232,0.34879,0.93449,0,0.99701,0.052902,0.056253,0,-0.029816,0.93571,-0.35151,0,267.1,358.35,350.59,1
-0.05568,0.35632,0.9327,0,0.99805,0.04636,0.04187,0,-0.028321,0.93321,-0.35821,0,272.48,357.67,350.49,1
-0.039979,0.36362,0.93069,0,0.99883,0.039816,0.02735,0,-0.027111,0.9307,-0.36479,0,277.86,356.97,350.34,1
-0.024143,0.37069,0.92844,0,0.99937,0.033273,0.012702,0,-0.026184,0.92816,-0.37125,0,283.22,356.24,350.14,1
-0.0081864,0.37751,0.92597,0,0.99964,0.026737,-0.0020629,0,-0.025537,0.92562,-0.3776,0,288.58,355.48,349.89,1
0.0078756,0.3841,0.92326,0,0.99965,0.020212,-0.016936,0,-0.025166,0.92307,-0.38381,0,293.92,354.69,349.58,1
0.024029,0.39044,0.92031,0,0.9994,0.013701,-0.031906,0,-0.025066,0.92053,-0.38988,0,299.24,353.87,349.22,1
0.040258,0.39654,0.91713,0,0.99887,0.007209,-0.046963,0,-0.025234,0.91799,-0.3958,0,304.55,353.03,348.8,1
0.056548,0.4024,0.91372,0,0.99807,0.00074107,-0.062095,0,-0.025664,0.91546,-0.40158,0,309.83,352.16,348.33,1
0.072884,0.40801,0.91007,0,0.99699,-0.0056986,-0.07729,0,-0.026349,0.91296,-0.40719,0,315.1,351.26,347.79,1
0.08925,0.41337,0.90618,0,0.99564,-0.012105,-0.092539,0,-0.027283,0.91048,-0.41264,0,320.33,350.34,347.2,1
0.10563,0.41848,0.90206,0,0.994,-0.018474,-0.10783,0,-0.028459,0.90804,-0.41792,0,325.54,349.4,346.56,1
0.12201,0.42336,0.89771,0,0.99208,-0.024801,-0.12314,0,-0.02987,0.90562,-0.42303,0,330.72,348.42,345.85,1
0.13838,0.42798,0.89313,0,0.98988,-0.031081,-0.13848,0,-0.031507,0.90325,-0.42795,0,335.87,347.43,345.09,1
0.15472,0.43237,0.88832,0,0.9874,-0.037308,-0.15381,0,-0.033362,0.90092,-0.43269,0,340.99,346.41,344.26,1
0.17101,0.43651,0.8833,0,0.98463,-0.04348,-0.16914,0,-0.035426,0.89865,-0.43724,0,346.06,345.37,343.38,1
0.18724,0.44042,0.87805,0,0.98159,-0.04959,-0.18445,0,-0.037691,0.89642,-0.4416,0,351.1,344.31,342.44,1
0.20339,0.44409,0.87259,0,0.97827,-0.055634,-0.19971,0,-0.040145,0.89425,-0.44575,0,356.09,343.22,341.44,1
0.21946,0.44752,0.86692,0,0.97468,-0.061607,-0.21494,0,-0.04278,0.89215,-0.44971,0,361.04,342.12,340.39,1
0.23542,0.45073,0.86106,0,0.97082,-0.067506,-0.2301,0,-0.045586,0.8901,-0.45347,0,365.94,341,339.28,1
0.25126,0.45371,0.85499,0,0.9667,-0.073325,-0.24518,0,-0.048551,0.88813,-0.45703,0,370.79,339.86,338.11,1
0.26698,0.45647,0.84874,0,0.96232,-0.079059,-0.26018,0,-0.051666,0.88622,-0.46038,0,375.59,338.7,336.89,1
0.28254,0.45902,0.8423,0,0.95768,-0.084706,-0.27508,0,-0.054919,0.88438,-0.46353,0,380.33,337.52,335.61,1
0.29795,0.46135,0.83569,0,0.9528,-0.09026,-0.28987,0,-0.058301,0.88262,-0.46647,0,385.02,336.34,334.28,1
0.31318,0.46347,0.82892,0,0.94768,-0.095719,-0.30453,0,-0.061799,0.88093,-0.4692,0,389.65,335.13,332.9,1
0.32823,0.4654,0.82199,0,0.94233,-0.10108,-0.31906,0,-0.065404,0.87931,-0.47173,0,394.21,333.92,331.47,1
0.34309,0.46712,0.81491,0,0.93676,-0.10633,-0.33344,0,-0.069105,0.87778,-0.47406,0,398.72,332.69,329.99,1
0.35775,0.46866,0.8077,0,0.93097,-0.11148,-0.34766,0,-0.072892,0.87632,-0.47619,0,403.16,331.45,328.46,1
0.37219,0.47001,0.80035,0,0.92498,-0.11652,-0.36171,0,-0.076754,0.87493,-0.47812,0,407.53,330.21,326.89,1
0.3864,0.47119,0.79289,0,0.91879,-0.12145,-0.37559,0,-0.080681,0.87363,-0.47985,0,411.84,328.96,325.28,1
0.40039,0.4722,0.78531,0,0.91243,-0.12626,-0.38928,0,-0.084664,0.8724,-0.4814,0,416.07,327.7,323.63,1
0.41414,0.47304,0.77764,0,0.90588,-0.13095,-0.40277,0,-0.088692,0.87126,-0.48275,0,420.23,326.44,321.94,1
0.42763,0.47372,0.76988,0,0.89918,-0.13553,-0.41606,0,-0.092756,0.87018,-0.48392,0,424.33,325.18,320.21,1
0.44088,0.47426,0.76204,0,0.89233,-0.13999,-0.42914,0,-0.096848,0.86918,-0.48491,0,428.34,323.92,318.44,1
0.45386,0.47465,0.75413,0,0.88533,-0.14432,-0.44199,0,-0.10096,0.86826,-0.48573,0,432.29,322.65,316.65,1
0.46658,0.47491,0.74616,0,0.87821,-0.14853,-0.45462,0,-0.10508,0.86741,-0.48637,0,436.15,321.4,314.83,1
0.47903,0.47504,0.73815,0,0.87098,-0.15261,-0.46702,0,-0.1092,0.86663,-0.48686,0,439.94,320.14,312.97,1
0.4912,0.47505,0.7301,0,0.86364,-0.15657,-0.47917,0,-0.11332,0.86592,-0.48718,0,443.66,318.9,311.1,1
0.5031,0.47495,0.72203,0,0.85622,-0.16041,-0.49108,0,-0.11742,0.86527,-0.48736,0,447.29,317.66,309.2,1
0.51471,0.47474,0.71394,0,0.84871,-0.16412,-0.50274,0,-0.1215,0.86469,-0.48739,0,450.85,316.43,307.28,1
0.52603,0.47443,0.70584,0,0.84115,-0.1677,-0.51415,0,-0.12556,0.86417,-0.48728,0,454.32,315.22,305.35,1
0.53707,0.47403,0.69775,0,0.83353,-0.17116,-0.5253,0,-0.12958,0.86372,-0.48703,0,457.72,314.02,303.4,1
0.54782,0.47354,0.68968,0,0.82587,-0.17449,-0.53619,0,-0.13356,0.86332,-0.48667,0,461.04,312.83,301.43,1
0.55827,0.47298,0.68164,0,0.81818,-0.1777,-0.54681,0,-0.1375,0.86297,-0.48619,0,464.28,311.67,299.46,1
0.56843,0.47234,0.67363,0,0.81049,-0.18078,-0.55716,0,-0.14139,0.86268,-0.48559,0,467.44,310.52,297.48,1
0.5783,0.47165,0.66567,0,0.80279,-0.18374,-0.56724,0,-0.14523,0.86243,-0.48489,0,470.52,309.39,295.5,1
0.58788,0.4709,0.65776,0,0.79511,-0.18658,-0.57706,0,-0.14901,0.86223,-0.4841,0,473.53,308.29,293.51,1
0.59717,0.47009,0.64993,0,0.78744,-0.18931,-0.5866,0,-0.15272,0.86208,-0.48322,0,476.45,307.21,291.53,1
0.60616,0.46925,0.64217,0,0.77982,-0.19191,-0.59586,0,-0.15637,0.86196,-0.48226,0,479.3,306.15,289.55,1
0.61486,0.46837,0.63449,0,0.77225,-0.1944,-0.60485,0,-0.15995,0.86188,-0.48122,0,482.06,305.13,287.57,1
0.62327,0.46746,0.62691,0,0.76474,-0.19677,-0.61356,0,-0.16346,0.86184,-0.48012,0,484.75,304.13,285.61,1
0.63139,0.46652,0.61944,0,0.7573,-0.19903,-0.622,0,-0.16689,0.86182,-0.47896,0,487.36,303.17,283.65,1
0.63922,0.46557,0.61208,0,0.74994,-0.20118,-0.63017,0,-0.17025,0.86184,-0.47775,0,489.9,302.24,281.7,1
0.64676,0.46461,0.60484,0,0.74269,-0.20322,-0.63806,0,-0.17353,0.86188,-0.4765,0,492.36,301.34,279.78,1
0.65403,0.46364,0.59773,0,0.73554,-0.20516,-0.64567,0,-0.17673,0.86194,-0.47521,0,494.75,300.48,277.86,1
0.66101,0.46268,0.59076,0,0.72851,-0.207,-0.65302,0,-0.17985,0.86202,-0.47389,0,497.06,299.65,275.97,1
0.66771,0.46172,0.58394,0,0.72161,-0.20873,-0.66009,0,-0.18289,0.86212,-0.47255,0,499.29,298.87,274.1,1
0.67413,0.46077,0.57726,0,0.71485,-0.21036,-0.66689,0,-0.18585,0.86223,-0.47119,0,501.46,298.13,272.26,1
0.68029,0.45984,0.57075,0,0.70823,-0.2119,-0.67342,0,-0.18872,0.86235,-0.46983,0,503.55,297.42,270.44,1
0.68617,0.45893,0.56441,0,0.70178,-0.21335,-0.67969,0,-0.19151,0.86248,-0.46846,0,505.57,296.77,268.65,1
0.69178,0.45805,0.55824,0,0.6955,-0.2147,-0.6857,0,-0.19423,0.86261,-0.4671,0,507.53,296.15,266.88,1
0.69712,0.4572,0.55226,0,0.6894,-0.21597,-0.69144,0,-0.19685,0.86274,-0.46575,0,509.41,295.58,265.15,1
0.70221,0.45639,0.54646,0,0.68348,-0.21715,-0.69692,0,-0.1994,0.86288,-0.46441,0,511.22,295.06,263.46,1
0.70703,0.45561,0.54085,0,0.67776,-0.21824,-0.70215,0,-0.20187,0.86301,-0.4631,0,512.97,294.59,261.8,1
0.7116,0.45489,0.53545,0,0.67224,-0.21926,-0.70712,0,-0.20426,0.86313,-0.46182,0,514.65,294.17,260.17,1
0.71591,0.45421,0.53024,0,0.66693,-0.22019,-0.71184,0,-0.20657,0.86325,-0.46057,0,516.26,293.8,258.59,1
0.71997,0.45359,0.52525,0,0.66184,-0.22105,-0.71631,0,-0.20881,0.86336,-0.45936,0,517.81,293.48,257.04,1
0.72379,0.45303,0.52047,0,0.65698,-0.22183,-0.72053,0,-0.21097,0.86345,-0.45819,0,519.29,293.22,255.54,1
0.72736,0.45253,0.51591,0,0.65235,-0.22254,-0.72451,0,-0.21305,0.86353,-0.45707,0,520.71,293.01,254.07,1
0.73068,0.4521,0.51158,0,0.64796,-0.22318,-0.72825,0,-0.21507,0.8636,-0.45601,0,522.06,292.86,252.66,1
0.73377,0.45173,0.50747,0,0.64381,-0.22374,-0.73174,0,-0.21701,0.86364,-0.455,0,523.35,292.76,251.29,1
0.73661,0.45144,0.50359,0,0.63992,-0.22424,-0.735,0,-0.21888,0.86367,-0.45406,0,524.58,292.72,249.96,1
0.73922,0.45122,0.49995,0,0.63627,-0.22467,-0.73802,0,-0.22069,0.86367,-0.45318,0,525.75,292.74,248.68,1
0.7416,0.45108,0.49654,0,0.63289,-0.22503,-0.74081,0,-0.22243,0.86365,-0.45237,0,526.86,292.82,247.45,1
0.74374,0.45103,0.49338,0,0.62978,-0.22533,-0.74337,0,-0.22411,0.8636,-0.45164,0,527.91,292.96,246.27,1
0.74566,0.45106,0.49045,0,0.62693,-0.22557,-0.74571,0,-0.22573,0.86352,-0.45098,0,528.89,293.16,245.14,1
0.74734,0.45117,0.48777,0,0.62436,-0.22574,-0.74781,0,-0.22728,0.86342,-0.45039,0,529.82,293.42,244.06,1
0.7488,0.45138,0.48534,0,0.62206,-0.22584,-0.74969,0,-0.22878,0.86328,-0.44989,0,530.68,293.75,243.04,1
0.75003,0.45167,0.48316,0,0.62004,-0.22589,-0.75135,0,-0.23023,0.86311,-0.44948,0,531.49,294.14,242.06,1
0.75104,0.45206,0.48123,0,0.6183,-0.22587,-0.75279,0,-0.23161,0.86292,-0.44915,0,532.24,294.6,241.14,1
0.75182,0.45255,0.47955,0,0.61685,-0.22578,-0.754,0,-0.23295,0.86268,-0.4489,0,532.92,295.12,240.27,1
0.75237,0.45314,0.47812,0,0.61568,-0.22563,-0.755,0,-0.23424,0.86241,-0.44875,0,533.55,295.7,239.46,1
0.75271,0.45382,0.47695,0,0.6148,-0.22542,-0.75578,0,-0.23548,0.86211,-0.44869,0,534.11,296.36,238.69,1
0.75282,0.45461,0.47602,0,0.61421,-0.22514,-0.75634,0,-0.23667,0.86177,-0.44871,0,534.62,297.08,237.99,1
0.7527,0.4555,0.47536,0,0.61391,-0.22479,-0.75669,0,-0.23782,0.86139,-0.44884,0,535.06,297.87,237.33,1
0.75236,0.45649,0.47494,0,0.6139,-0.22438,-0.75682,0,-0.23892,0.86097,-0.44905,0,535.44,298.73,236.73,1
0.75179,0.45759,0.47478,0,0.61418,-0.22389,-0.75674,0,-0.23998,0.86051,-0.44936,0,535.77,299.65,236.19,1
0.751,0.45879,0.47487,0,0.61475,-0.22333,-0.75644,0,-0.241,0.86002,-0.44976,0,536.02,300.65,235.7,1
0.74998,0.4601,0.47521,0,0.61561,-0.2227,-0.75593,0,-0.24198,0.85948,-0.45026,0,536.22,301.72,235.26,1
0.74874,0.46152,0.47581,0,0.61675,-0.22199,-0.75521,0,-0.24292,0.85891,-0.45085,0,536.35,302.85,234.88,1
0.74726,0.46304,0.47665,0,0.61818,-0.2212,-0.75427,0,-0.24382,0.85829,-0.45154,0,536.41,304.06,234.55,1
0.74555,0.46467,0.47773,0,0.6199,-0.22033,-0.75311,0,-0.24469,0.85763,-0.45232,0,536.41,305.34,234.27,1
0.74361,0.46641,0.47907,0,0.6219,-0.21937,-0.75174,0,-0.24553,0.85693,-0.45319,0,536.34,306.69,234.05,1
0.74143,0.46826,0.48064,0,0.62418,-0.21832,-0.75016,0,-0.24633,0.85619,-0.45415,0,536.21,308.11,233.87,1
0.73901,0.47021,0.48245,0,0.62674,-0.21718,-0.74835,0,-0.2471,0.85541,-0.4552,0,536,309.6,233.75,1
0.73635,0.47227,0.48451,0,0.62957,-0.21595,-0.74633,0,-0.24784,0.85459,-0.45634,0,535.72,311.16,233.68,1
