-0.43458,-0.05806,0.89876,0,0.73923,0.54704,0.39279,0,-0.51446,0.83509,-0.19481,0,-181.5,335.75,254.21,1
-0.43556,-0.057699,0.89831,0,0.73905,0.5468,0.39347,0,-0.5139,0.83527,-0.19552,0,-181.53,335.63,254.23,1
-0.43654,-0.057347,0.89785,0,0.73886,0.54656,0.39415,0,-0.51333,0.83545,-0.19623,0,-181.57,335.5,254.25,1
-0.43752,-0.057007,0.8974,0,0.73868,0.54632,0.39484,0,-0.51277,0.83564,-0.19691,0,-181.61,335.37,254.27,1
-0.43849,-0.05668,0.89695,0,0.73849,0.54607,0.39553,0,-0.51221,0.83582,-0.19759,0,-181.64,335.23,254.3,1
-0.43945,-0.056369,0.8965,0,0.7383,0.54582,0.39622,0,-0.51166,0.836,-0.19824,0,-181.67,335.09,254.33,1
-0.4404,-0.056076,0.89605,0,0.73811,0.54557,0.39692,0,-0.51111,0.83619,-0.19888,0,-181.69,334.95,254.36,1
-0.44134,-0.055803,0.8956,0,0.73793,0.54532,0.39761,0,-0.51058,0.83637,-0.19949,0,-181.72,334.79,254.4,1
-0.44226,-0.055552,0.89517,0,0.73774,0.54506,0.39831,0,-0.51005,0.83655,-0.20008,0,-181.74,334.64,254.44,1
-0.44316,-0.055326,0.89473,0,0.73755,0.54481,0.399,0,-0.50953,0.83673,-0.20063,0,-181.75,334.47,254.48,1
-0.44405,-0.055128,0.89431,0,0.73737,0.54455,0.39969,0,-0.50903,0.83691,-0.20116,0,-181.76,334.3,254.53,1
-0.44491,-0.054959,0.89389,0,0.73718,0.54429,0.40038,0,-0.50854,0.83709,-0.20165,0,-181.77,334.12,254.59,1
-0.44575,-0.054823,0.89348,0,0.737,0.54404,0.40106,0,-0.50807,0.83727,-0.2021,0,-181.76,333.93,254.65,1
-0.44656,-0.054722,0.89308,0,0.73682,0.54378,0.40174,0,-0.50763,0.83744,-0.20251,0,-181.76,333.74,254.72,1
-0.44734,-0.054659,0.89269,0,0.73664,0.54353,0.40242,0,-0.5072,0.83761,-0.20288,0,-181.74,333.54,254.79,1
-0.44808,-0.054636,0.89232,0,0.73646,0.54327,0.40308,0,-0.5068,0.83778,-0.20319,0,-181.72,333.33,254.87,1
-0.44879,-0.054657,0.89196,0,0.73629,0.54302,0.40374,0,-0.50642,0.83794,-0.20346,0,-181.69,333.11,254.96,1
-0.44947,-0.054724,0.89162,0,0.73612,0.54277,0.40439,0,-0.50607,0.8381,-0.20367,0,-181.66,332.87,255.06,1
-0.4501,-0.05484,0.89129,0,0.73595,0.54252,0.40503,0,-0.50576,0.83825,-0.20383,0,-181.61,332.63,255.16,1
-0.45068,-0.055008,0.89099,0,0.73579,0.54227,0.40566,0,-0.50547,0.8384,-0.20392,0,-181.56,332.38,255.27,1
-0.45122,-0.05523,0.8907,0,0.73563,0.54203,0.40628,0,-0.50522,0.83854,-0.20395,0,-181.49,332.12,255.4,1
-0.45172,-0.05551,0.89043,0,0.73547,0.54179,0.40688,0,-0.50501,0.83868,-0.20391,0,-181.42,331.84,255.53,1
-0.45216,-0.05585,0.89019,0,0.73532,0.54155,0.40747,0,-0.50484,0.83881,-0.2038,0,-181.33,331.55,255.67,1
-0.45254,-0.056252,0.88997,0,0.73517,0.54132,0.40804,0,-0.50471,0.83893,-0.20362,0,-181.23,331.25,255.83,1
-0.45287,-0.056719,0.88977,0,0.73503,0.54109,0.4086,0,-0.50462,0.83905,-0.20335,0,-181.12,330.94,255.99,1
-0.45314,-0.057254,0.8896,0,0.73489,0.54087,0.40915,0,-0.50458,0.83916,-0.20301,0,-181,330.61,256.17,1
-0.45335,-0.057858,0.88945,0,0.73476,0.54065,0.40967,0,-0.50458,0.83926,-0.20259,0,-180.86,330.27,256.36,1
-0.4535,-0.058535,0.88933,0,0.73463,0.54043,0.41018,0,-0.50464,0.83935,-0.20208,0,-180.71,329.92,256.56,1
-0.45358,-0.059286,0.88924,0,0.73451,0.54023,0.41067,0,-0.50474,0.83943,-0.20149,0,-180.55,329.55,256.78,1
-0.45359,-0.060114,0.88918,0,0.7344,0.54003,0.41114,0,-0.5049,0.8395,-0.2008,0,-180.37,329.16,257,1
-0.45353,-0.061021,0.88915,0,0.73429,0.53983,0.41159,0,-0.50511,0.83956,-0.20002,0,-180.18,328.76,257.24,1
-0.4534,-0.062008,0.88915,0,0.73419,0.53964,0.41201,0,-0.50537,0.83961,-0.19915,0,-179.97,328.35,257.5,1
-0.45319,-0.063079,0.88918,0,0.73409,0.53946,0.41242,0,-0.50569,0.83964,-0.19817,0,-179.75,327.91,257.76,1
-0.45291,-0.064234,0.88924,0,0.73401,0.53929,0.4128,0,-0.50607,0.83967,-0.1971,0,-179.51,327.47,258.05,1
-0.45255,-0.065476,0.88933,0,0.73393,0.53912,0.41316,0,-0.50651,0.83968,-0.19592,0,-179.25,327,258.34,1
-0.45211,-0.066806,0.88946,0,0.73385,0.53896,0.41349,0,-0.50701,0.83968,-0.19464,0,-178.98,326.52,258.66,1
-0.45158,-0.068227,0.88962,0,0.73379,0.53881,0.4138,0,-0.50757,0.83966,-0.19325,0,-178.69,326.02,258.98,1
-0.45097,-0.069739,0.88981,0,0.73373,0.53867,0.41409,0,-0.50819,0.83963,-0.19176,0,-178.38,325.5,259.32,1
-0.45028,-0.071345,0.89003,0,0.73368,0.53854,0.41435,0,-0.50888,0.83958,-0.19015,0,-178.06,324.96,259.68,1
-0.44949,-0.073046,0.89029,0,0.73364,0.53842,0.41458,0,-0.50963,0.83951,-0.18842,0,-177.71,324.41,260.06,1
-0.44862,-0.074843,0.89059,0,0.73361,0.5383,0.41478,0,-0.51045,0.83942,-0.18658,0,-177.34,323.84,260.44,1
-0.44765,-0.076737,0.89091,0,0.73359,0.5382,0.41496,0,-0.51133,0.83932,-0.18463,0,-176.96,323.25,260.85,1
-0.44658,-0.07873,0.89127,0,0.73358,0.5381,0.4151,0,-0.51228,0.83919,-0.18255,0,-176.56,322.64,261.27,1
-0.44543,-0.080823,0.89166,0,0.73357,0.53802,0.41522,0,-0.51329,0.83905,-0.18036,0,-176.13,322.01,261.71,1
-0.44417,-0.083017,0.89209,0,0.73358,0.53795,0.41531,0,-0.51437,0.83888,-0.17804,0,-175.69,321.36,262.16,1
-0.44281,-0.085313,0.89255,0,0.73359,0.53789,0.41536,0,-0.51552,0.83869,-0.1756,0,-175.22,320.7,262.64,1
-0.44135,-0.087711,0.89304,0,0.73361,0.53784,0.41539,0,-0.51674,0.83847,-0.17303,0,-174.73,320.01,263.12,1
-0.43979,-0.090212,0.89356,0,0.73364,0.5378,0.41538,0,-0.51803,0.83823,-0.17033,0,-174.22,319.31,263.63,1
-0.43812,-0.092818,0.89411,0,0.73369,0.53777,0.41534,0,-0.51938,0.83797,-0.16751,0,-173.69,318.58,264.15,1
-0.43635,-0.095528,0.89469,0,0.73374,0.53776,0.41527,0,-0.5208,0.83767,-0.16456,0,-173.13,317.84,264.69,1
-0.43446,-0.098344,0.8953,0,0.7338,0.53776,0.41516,0,-0.52228,0.83735,-0.16147,0,-172.56,317.08,265.24,1
-0.43247,-0.10126,0.89594,0,0.73387,0.53777,0.41502,0,-0.52384,0.83699,-0.15825,0,-171.95,316.29,265.81,1
-0.43036,-0.10429,0.89661,0,0.73395,0.53779,0.41484,0,-0.52545,0.8366,-0.1549,0,-171.33,315.49,266.4,1
-0.42814,-0.10742,0.8973,0,0.73404,0.53783,0.41463,0,-0.52714,0.83618,-0.15141,0,-170.68,314.67,267,1
-0.42581,-0.11066,0.89802,0,0.73415,0.53788,0.41438,0,-0.52888,0.83573,-0.14779,0,-170.01,313.83,267.63,1
-0.42335,-0.114,0.89876,0,0.73426,0.53795,0.4141,0,-0.5307,0.83523,-0.14403,0,-169.31,312.97,268.26,1
-0.42078,-0.11745,0.89953,0,0.73438,0.53803,0.41378,0,-0.53257,0.8347,-0.14014,0,-168.58,312.09,268.92,1
-0.41809,-0.12101,0.90031,0,0.73451,0.53812,0.41342,0,-0.5345,0.83414,-0.1361,0,-167.83,311.19,269.59,1
-0.41528,-0.12467,0.90111,0,0.73465,0.53823,0.41303,0,-0.5365,0.83353,-0.13193,0,-167.06,310.27,270.27,1
-0.41234,-0.12843,0.90193,0,0.73481,0.53836,0.41259,0,-0.53855,0.83287,-0.12762,0,-166.26,309.34,270.98,1
-0.40928,-0.1323,0.90277,0,0.73497,0.5385,0.41212,0,-0.54066,0.83218,-0.12316,0,-165.43,308.38,271.69,1
-0.40609,-0.13627,0.90362,0,0.73514,0.53866,0.4116,0,-0.54283,0.83143,-0.11857,0,-164.58,307.41,272.43,1
-0.40277,-0.14034,0.90448,0,0.73532,0.53883,0.41105,0,-0.54504,0.83064,-0.11383,0,-163.69,306.42,273.18,1
-0.39933,-0.14451,0.90535,0,0.73551,0.53902,0.41046,0,-0.54731,0.8298,-0.10896,0,-162.79,305.41,273.94,1
-0.39576,-0.14878,0.90622,0,0.73572,0.53923,0.40982,0,-0.54963,0.82891,-0.10394,0,-161.85,304.39,274.72,1
-0.39205,-0.15315,0.90711,0,0.73593,0.53945,0.40915,0,-0.552,0.82797,-0.098782,0,-160.89,303.35,275.51,1
-0.38821,-0.15762,0.90799,0,0.73615,0.53969,0.40843,0,-0.55441,0.82698,-0.093482,0,-159.89,302.29,276.32,1
-0.38424,-0.16219,0.90887,0,0.73638,0.53995,0.40767,0,-0.55687,0.82592,-0.088041,0,-158.87,301.21,277.14,1
-0.38014,-0.16685,0.90976,0,0.73662,0.54023,0.40687,0,-0.55936,0.82481,-0.082459,0,-157.83,300.12,277.97,1
-0.3759,-0.1716,0.91063,0,0.73687,0.54052,0.40602,0,-0.56189,0.82364,-0.076736,0,-156.75,299.01,278.82,1
-0.37152,-0.17644,0.91151,0,0.73713,0.54084,0.40514,0,-0.56446,0.82241,-0.070874,0,-155.64,297.89,279.68,1
-0.36701,-0.18137,0.91237,0,0.7374,0.54117,0.4042,0,-0.56706,0.82112,-0.064871,0,-154.51,296.75,280.55,1
-0.36235,-0.18639,0.91321,0,0.73767,0.54152,0.40323,0,-0.56968,0.81976,-0.05873,0,-153.34,295.6,281.43,1
-0.35756,-0.19149,0.91405,0,0.73796,0.5419,0.40221,0,-0.57234,0.81834,-0.05245,0,-152.15,294.44,282.33,1
-0.35263,-0.19668,0.91486,0,0.73825,0.54229,0.40114,0,-0.57501,0.81685,-0.046033,0,-150.92,293.26,283.24,1
-0.34757,-0.20194,0.91565,0,0.73855,0.5427,0.40003,0,-0.57771,0.81529,-0.03948,0,-149.67,292.07,284.16,1
-0.34236,-0.20729,0.91642,0,0.73885,0.54313,0.39887,0,-0.58042,0.81366,-0.032792,0,-148.39,290.87,285.08,1
-0.33701,-0.2127,0.91716,0,0.73917,0.54359,0.39767,0,-0.58314,0.81196,-0.025969,0,-147.07,289.65,286.02,1
-0.33152,-0.2182,0.91787,0,0.73949,0.54406,0.39643,0,-0.58587,0.81018,-0.019014,0,-145.73,288.43,286.97,1
-0.32589,-0.22376,0.91855,0,0.73982,0.54455,0.39513,0,-0.58861,0.80833,-0.011928,0,-144.36,287.19,287.92,1
-0.32013,-0.22938,0.91919,0,0.74015,0.54507,0.3938,0,-0.59135,0.8064,-0.004713,0,-142.96,285.95,288.89,1
-0.31422,-0.23507,0.91979,0,0.74049,0.54561,0.39241,0,-0.59409,0.8044,0.0026301,0,-141.52,284.69,289.86,1
-0.30817,-0.24083,0.92034,0,0.74084,0.54617,0.39098,0,-0.59682,0.80231,0.010099,0,-140.06,283.43,290.84,1
-0.30199,-0.24664,0.92086,0,0.74118,0.54675,0.3895,0,-0.59954,0.80015,0.017692,0,-138.57,282.16,291.83,1
-0.29566,-0.2525,0.92132,0,0.74154,0.54735,0.38798,0,-0.60225,0.7979,0.025407,0,-137.05,280.89,292.82,1
-0.2892,-0.25841,0.92173,0,0.7419,0.54798,0.38641,0,-0.60494,0.79558,0.033241,0,-135.49,279.61,293.82,1
-0.28261,-0.26438,0.92208,0,0.74226,0.54862,0.38479,0,-0.60761,0.79317,0.041192,0,-133.91,278.32,294.82,1
-0.27587,-0.27038,0.92238,0,0.74262,0.54929,0.38313,0,-0.61025,0.79068,0.049258,0,-132.3,277.03,295.83,1
-0.26901,-0.27643,0.92262,0,0.74299,0.54999,0.38142,0,-0.61286,0.7881,0.057435,0,-130.66,275.73,296.84,1
-0.26201,-0.28252,0.92279,0,0.74336,0.5507,0.37966,0,-0.61544,0.78544,0.065722,0,-128.99,274.43,297.85,1
-0.25488,-0.28863,0.92289,0,0.74373,0.55144,0.37786,0,-0.61798,0.78269,0.074115,0,-127.29,273.13,298.87,1
-0.24762,-0.29478,0.92292,0,0.7441,0.5522,0.37602,0,-0.62048,0.77986,0.082611,0,-125.57,271.82,299.89,1
-0.24023,-0.30095,0.92288,0,0.74447,0.55298,0.37412,0,-0.62293,0.77694,0.091207,0,-123.81,270.52,300.92,1
-0.23272,-0.30715,0.92277,0,0.74484,0.55379,0.37219,0,-0.62534,0.77393,0.099899,0,-122.03,269.21,301.94,1
-0.22509,-0.31336,0.92257,0,0.74522,0.55462,0.3702,0,-0.62769,0.77084,0.10868,0,-120.22,267.91,302.96,1
-0.21733,-0.31959,0.92229,0,0.74558,0.55547,0.36818,0,-0.62998,0.76767,0.11756,0,-118.38,266.61,303.99,1
-0.20946,-0.32583,0.92193,0,0.74595,0.55635,0.36611,0,-0.6322,0.7644,0.12652,0,-116.52,265.31,305.01,1
-0.20147,-0.33208,0.92148,0,0.74632,0.55725,0.36399,0,-0.63437,0.76105,0.13556,0,-114.63,264.01,306.04,1
-0.19337,-0.33833,0.92095,0,0.74668,0.55817,0.36184,0,-0.63646,0.75762,0.14469,0,-112.71,262.71,307.06,1
-0.18517,-0.34458,0.92032,0,0.74703,0.55911,0.35964,0,-0.63848,0.7541,0.15388,0,-110.77,261.42,308.08,1
-0.17685,-0.35082,0.91959,0,0.74739,0.56007,0.3574,0,-0.64042,0.7505,0.16315,0,-108.8,260.14,309.09,1
-0.16843,-0.35705,0.91877,0,0.74773,0.56106,0.35512,0,-0.64228,0.74681,0.17248,0,-106.81,258.86,310.11,1
-0.15992,-0.36327,0.91786,0,0.74807,0.56207,0.35279,0,-0.64406,0.74304,0.18187,0,-104.8,257.59,311.12,1
-0.15131,-0.36948,0.91684,0,0.74841,0.5631,0.35043,0,-0.64575,0.73919,0.19132,0,-102.76,256.32,312.12,1
-0.14261,-0.37566,0.91572,0,0.74874,0.56415,0.34804,0,-0.64735,0.73526,0.20082,0,-100.7,255.07,313.13,1
-0.13382,-0.38182,0.9145,0,0.74905,0.56522,0.3456,0,-0.64885,0.73126,0.21037,0,-98.621,253.82,314.12,1
-0.12495,-0.38795,0.91317,0,0.74937,0.56632,0.34313,0,-0.65026,0.72717,0.21996,0,-96.519,252.58,315.11,1
-0.116,-0.39406,0.91174,0,0.74967,0.56743,0.34062,0,-0.65157,0.72301,0.22959,0,-94.397,251.35,316.1,1
-0.10697,-0.40012,0.9102,0,0.74996,0.56856,0.33808,0,-0.65278,0.71878,0.23925,0,-92.256,250.13,317.08,1
-0.097881,-0.40615,0.90855,0,0.75024,0.56972,0.33551,0,-0.65388,0.71447,0.24895,0,-90.096,248.93,318.05,1
-0.088723,-0.41214,0.90679,0,0.75051,0.57089,0.3329,0,-0.65488,0.71009,0.25866,0,-87.918,247.73,319.01,1
-0.079503,-0.41808,0.90492,0,0.75077,0.57208,0.33026,0,-0.65577,0.70564,0.2684,0,-85.723,246.55,319.97,1
-0.070227,-0.42397,0.90295,0,0.75101,0.57329,0.3276,0,-0.65654,0.70113,0.27815,0,-83.512,245.38,320.92,1
-0.060898,-0.42982,0.90086,0,0.75125,0.57452,0.3249,0,-0.65721,0.69655,0.28791,0,-81.284,244.23,321.86,1
-0.051521,-0.43561,0.89866,0,0.75147,0.57576,0.32217,0,-0.65776,0.69191,0.29768,0,-79.042,243.08,322.79,1
-0.042101,-0.44135,0.89635,0,0.75167,0.57703,0.31942,0,-0.65819,0.68721,0.30745,0,-76.785,241.96,323.71,1
-0.032641,-0.44702,0.89393,0,0.75186,0.57831,0.31665,0,-0.65851,0.68245,0.31723,0,-74.515,240.84,324.63,1
-0.023146,-0.45264,0.89139,0,0.75204,0.5796,0.31384,0,-0.65871,0.67763,0.32699,0,-72.232,239.74,325.53,1
-0.013621,-0.4582,0.88875,0,0.7522,0.58091,0.31102,0,-0.65879,0.67275,0.33674,0,-69.938,238.66,326.43,1
-0.0040687,-0.46369,0.88599,0,0.75235,0.58224,0.30817,0,-0.65876,0.66783,0.34648,0,-67.631,237.6,327.31,1
0.0055052,-0.46911,0.88312,0,0.75247,0.58358,0.3053,0,-0.6586,0.66285,0.3562,0,-65.315,236.54,328.19,1
0.015097,-0.47446,0.88015,0,0.75259,0.58494,0.30242,0,-0.65832,0.65782,0.3659,0,-62.988,235.51,329.05,1
0.024702,-0.47974,0.87706,0,0.75268,0.58631,0.29951,0,-0.65792,0.65275,0.37558,0,-60.652,234.49,329.91,1
0.034317,-0.48495,0.87387,0,0.75276,0.5877,0.29658,0,-0.6574,0.64763,0.38522,0,-58.308,233.49,330.75,1
0.043937,-0.49009,0.87057,0,0.75282,0.5891,0.29364,0,-0.65676,0.64248,0.39483,0,-55.957,232.51,331.59,1
0.053557,-0.49515,0.86716,0,0.75286,0.59051,0.29068,0,-0.656,0.63728,0.4044,0,-53.598,231.54,332.41,1
0.063175,-0.50013,0.86364,0,0.75288,0.59194,0.28771,0,-0.65511,0.63205,0.41393,0,-51.233,230.59,333.22,1
0.072786,-0.50503,0.86003,0,0.75289,0.59337,0.28473,0,-0.65411,0.62678,0.42342,0,-48.863,229.66,334.02,1
0.082386,-0.50986,0.85631,0,0.75287,0.59482,0.28173,0,-0.65299,0.62148,0.43286,0,-46.488,228.75,334.81,1
0.091971,-0.5146,0.85248,0,0.75284,0.59628,0.27872,0,-0.65175,0.61615,0.44225,0,-44.109,227.85,335.59,1
0.10154,-0.51926,0.84856,0,0.75279,0.59775,0.2757,0,-0.65039,0.61079,0.45159,0,-41.726,226.97,336.36,1
0.11108,-0.52384,0.84454,0,0.75271,0.59922,0.27268,0,-0.64891,0.60541,0.46087,0,-39.341,226.11,337.12,1
0.1206,-0.52834,0.84042,0,0.75262,0.60071,0.26964,0,-0.64732,0.6,0.47008,0,-36.953,225.27,337.86,1
0.13009,-0.53275,0.83621,0,0.75251,0.60221,0.2666,0,-0.64561,0.59457,0.47924,0,-34.564,224.45,338.6,1
0.13954,-0.53708,0.83191,0,0.75237,0.60372,0.26356,0,-0.64379,0.58913,0.48833,0,-32.175,223.64,339.32,1
0.14896,-0.54132,0.82751,0,0.75222,0.60523,0.26051,0,-0.64185,0.58367,0.49735,0,-29.785,222.86,340.03,1
0.15834,-0.54548,0.82303,0,0.75204,0.60675,0.25745,0,-0.63981,0.57819,0.5063,0,-27.396,222.09,340.74,1
0.16768,-0.54955,0.81846,0,0.75185,0.60828,0.2544,0,-0.63766,0.5727,0.51517,0,-25.007,221.33,341.43,1
0.17696,-0.55354,0.8138,0,0.75163,0.60982,0.25134,0,-0.6354,0.5672,0.52397,0,-22.621,220.6,342.11,1
0.1862,-0.55744,0.80907,0,0.7514,0.61136,0.24829,0,-0.63303,0.5617,0.5327,0,-20.237,219.89,342.77,1
0.19539,-0.56125,0.80425,0,0.75114,0.6129,0.24523,0,-0.63056,0.55619,0.54134,0,-17.856,219.19,343.43,1
0.20452,-0.56498,0.79935,0,0.75086,0.61445,0.24218,0,-0.62799,0.55067,0.54989,0,-15.479,218.51,344.08,1
0.21359,-0.56862,0.79438,0,0.75056,0.61601,0.23913,0,-0.62533,0.54516,0.55837,0,-13.106,217.85,344.71,1
0.22261,-0.57218,0.78934,0,0.75024,0.61757,0.23609,0,-0.62256,0.53964,0.56675,0,-10.738,217.2,345.34,1
0.23155,-0.57565,0.78422,0,0.7499,0.61914,0.23305,0,-0.6197,0.53413,0.57505,0,-8.3748,216.57,345.95,1
0.24044,-0.57904,0.77904,0,0.74954,0.6207,0.23002,0,-0.61674,0.52862,0.58325,0,-6.0176,215.96,346.56,1
0.24925,-0.58234,0.77379,0,0.74916,0.62227,0.22699,0,-0.6137,0.52312,0.59137,0,-3.6669,215.37,347.15,1
0.25799,-0.58556,0.76848,0,0.74876,0.62385,0.22398,0,-0.61057,0.51763,0.59939,0,-1.3231,214.79,347.73,1
0.26666,-0.58869,0.76311,0,0.74834,0.62542,0.22097,0,-0.60735,0.51214,0.60732,0,1.0132,214.23,348.31,1
0.27525,-0.59174,0.75768,0,0.7479,0.627,0.21798,0,-0.60405,0.50667,0.61515,0,3.3415,213.69,348.87,1
0.28377,-0.5947,0.7522,0,0.74744,0.62858,0.21499,0,-0.60067,0.50122,0.62288,0,5.6614,213.16,349.42,1
0.29221,-0.59759,0.74666,0,0.74696,0.63016,0.21202,0,-0.59721,0.49577,0.63051,0,7.9723,212.65,349.97,1
0.30056,-0.60039,0.74108,0,0.74646,0.63173,0.20906,0,-0.59368,0.49035,0.63804,0,10.274,212.15,350.5,1
0.30883,-0.60311,0.73544,0,0.74594,0.63331,0.20611,0,-0.59008,0.48494,0.64548,0,12.565,211.67,351.03,1
0.31702,-0.60575,0.72977,0,0.74541,0.63489,0.20318,0,-0.5864,0.47956,0.65281,0,14.846,211.21,351.54,1
0.32512,-0.60832,0.72405,0,0.74485,0.63647,0.20027,0,-0.58266,0.47419,0.66004,0,17.117,210.76,352.05,1
0.33314,-0.6108,0.71829,0,0.74428,0.63804,0.19737,0,-0.57885,0.46885,0.66716,0,19.376,210.33,352.54,1
0.34106,-0.61321,0.7125,0,0.74368,0.63962,0.19449,0,-0.57499,0.46354,0.67418,0,21.623,209.91,353.03,1
0.3489,-0.61554,0.70667,0,0.74307,0.64119,0.19163,0,-0.57106,0.45825,0.6811,0,23.859,209.5,353.51,1
0.35664,-0.61779,0.70081,0,0.74244,0.64276,0.18878,0,-0.56708,0.45299,0.68791,0,26.082,209.11,353.98,1
0.3643,-0.61997,0.69493,0,0.7418,0.64433,0.18596,0,-0.56305,0.44775,0.69462,0,28.292,208.73,354.44,1
0.37186,-0.62207,0.68902,0,0.74114,0.64589,0.18315,0,-0.55896,0.44255,0.70122,0,30.489,208.37,354.9,1
0.37932,-0.62411,0.68309,0,0.74046,0.64745,0.18037,0,-0.55483,0.43738,0.70772,0,32.672,208.02,355.34,1
0.38669,-0.62607,0.67713,0,0.73976,0.64901,0.17761,0,-0.55066,0.43224,0.71411,0,34.841,207.68,355.78,1
0.39396,-0.62796,0.67116,0,0.73905,0.65056,0.17487,0,-0.54644,0.42713,0.72039,0,36.996,207.36,356.21,1
0.40114,-0.62978,0.66518,0,0.73832,0.65211,0.17215,0,-0.54218,0.42206,0.72657,0,39.136,207.05,356.63,1
0.40822,-0.63153,0.65918,0,0.73758,0.65365,0.16945,0,-0.53789,0.41703,0.73264,0,41.261,206.75,357.05,1
0.41521,-0.63321,0.65318,0,0.73682,0.65519,0.16678,0,-0.53356,0.41203,0.73861,0,43.371,206.46,357.45,1
0.42209,-0.63483,0.64717,0,0.73605,0.65672,0.16414,0,-0.52921,0.40707,0.74447,0,45.465,206.19,357.85,1
0.42888,-0.63639,0.64115,0,0.73527,0.65825,0.16152,0,-0.52482,0.40215,0.75023,0,47.543,205.92,358.25,1
0.43557,-0.63787,0.63513,0,0.73447,0.65977,0.15892,0,-0.52041,0.39726,0.75588,0,49.605,205.67,358.63,1
0.44217,-0.6393,0.62912,0,0.73366,0.66129,0.15635,0,-0.51598,0.39242,0.76143,0,51.651,205.43,359.01,1
0.44866,-0.64066,0.6231,0,0.73283,0.6628,0.1538,0,-0.51153,0.38762,0.76687,0,53.679,205.2,359.39,1
0.45506,-0.64197,0.61709,0,0.732,0.6643,0.15129,0,-0.50705,0.38287,0.77221,0,55.691,204.98,359.75,1
0.46135,-0.64321,0.61109,0,0.73115,0.66579,0.14879,0,-0.50257,0.37815,0.77745,0,57.685,204.77,360.11,1
0.46755,-0.64439,0.60511,0,0.73029,0.66728,0.14633,0,-0.49807,0.37348,0.78258,0,59.662,204.57,360.47,1
0.47365,-0.64552,0.59913,0,0.72942,0.66876,0.14389,0,-0.49356,0.36886,0.78762,0,61.621,204.38,360.81,1
0.47966,-0.64659,0.59317,0,0.72853,0.67024,0.14148,0,-0.48905,0.36428,0.79255,0,63.562,204.2,361.15,1
0.48556,-0.64761,0.58722,0,0.72764,0.67171,0.1391,0,-0.48452,0.35975,0.79738,0,65.484,204.03,361.49,1
0.49137,-0.64857,0.5813,0,0.72674,0.67316,0.13675,0,-0.48,0.35526,0.80212,0,67.388,203.87,361.82,1
0.49709,-0.64948,0.5754,0,0.72583,0.67461,0.13442,0,-0.47548,0.35082,0.80675,0,69.274,203.72,362.15,1
0.50271,-0.65033,0.56952,0,0.72491,0.67606,0.13212,0,-0.47095,0.34643,0.81129,0,71.141,203.58,362.47,1
0.50823,-0.65114,0.56367,0,0.72398,0.67749,0.12985,0,-0.46643,0.34209,0.81573,0,72.988,203.45,362.78,1
0.51365,-0.6519,0.55784,0,0.72304,0.67892,0.12761,0,-0.46192,0.33779,0.82008,0,74.817,203.32,363.09,1
0.51899,-0.6526,0.55205,0,0.7221,0.68033,0.1254,0,-0.45741,0.33355,0.82433,0,76.626,203.21,363.39,1
0.52423,-0.65326,0.54629,0,0.72114,0.68174,0.12322,0,-0.45292,0.32936,0.82848,0,78.415,203.1,363.69,1
0.52937,-0.65388,0.54056,0,0.72019,0.68314,0.12106,0,-0.44844,0.32522,0.83255,0,80.185,203,363.98,1
0.53443,-0.65445,0.53487,0,0.71922,0.68453,0.11894,0,-0.44397,0.32112,0.83652,0,81.935,202.91,364.27,1
0.53939,-0.65497,0.52921,0,0.71825,0.68591,0.11684,0,-0.43952,0.31709,0.84041,0,83.665,202.82,364.56,1
0.54427,-0.65545,0.5236,0,0.71727,0.68728,0.11477,0,-0.43508,0.3131,0.8442,0,85.374,202.75,364.84,1
0.54905,-0.65589,0.51802,0,0.71629,0.68864,0.11272,0,-0.43067,0.30916,0.84791,0,87.064,202.68,365.11,1
0.55375,-0.65629,0.51249,0,0.7153,0.68999,0.11071,0,-0.42627,0.30528,0.85152,0,88.733,202.62,365.38,1
0.55835,-0.65665,0.50701,0,0.71431,0.69133,0.10872,0,-0.4219,0.30145,0.85506,0,90.382,202.57,365.65,1
0.56287,-0.65697,0.50157,0,0.71332,0.69266,0.10676,0,-0.41756,0.29768,0.85851,0,92.01,202.52,365.91,1
0.56731,-0.65725,0.49617,0,0.71232,0.69398,0.10483,0,-0.41324,0.29396,0.86187,0,93.618,202.48,366.16,1
0.57166,-0.65749,0.49083,0,0.71132,0.6953,0.10293,0,-0.40895,0.2903,0.86515,0,95.204,202.45,366.42,1
0.57593,-0.6577,0.48554,0,0.71031,0.6966,0.10105,0,-0.40468,0.28669,0.86836,0,96.77,202.43,366.67,1
0.58011,-0.65787,0.4803,0,0.7093,0.69789,0.099196,0,-0.40045,0.28313,0.87148,0,98.315,202.42,366.91,1
0.58421,-0.658,0.47511,0,0.70829,0.69917,0.09737,0,-0.39625,0.27963,0.87452,0,99.839,202.41,367.15,1
0.58823,-0.65811,0.46998,0,0.70728,0.70044,0.095571,0,-0.39209,0.27619,0.87749,0,101.34,202.41,367.39,1
0.59217,-0.65818,0.4649,0,0.70627,0.7017,0.093797,0,-0.38796,0.2728,0.88038,0,102.82,202.41,367.62,1
0.59603,-0.65822,0.45988,0,0.70526,0.70295,0.092049,0,-0.38386,0.26947,0.8832,0,104.28,202.42,367.85,1
0.59982,-0.65823,0.45492,0,0.70425,0.70418,0.090327,0,-0.37981,0.2662,0.88594,0,105.72,202.44,368.07,1
0.60352,-0.65821,0.45003,0,0.70324,0.70541,0.088629,0,-0.37579,0.26298,0.88861,0,107.14,202.47,368.29,1
0.60715,-0.65816,0.44519,0,0.70222,0.70663,0.086957,0,-0.37181,0.25983,0.8912,0,108.53,202.5,368.51,1
0.61071,-0.65808,0.44042,0,0.70121,0.70783,0.08531,0,-0.36788,0.25673,0.89373,0,109.9,202.54,368.72,1
0.61419,-0.65798,0.43571,0,0.7002,0.70902,0.083688,0,-0.36399,0.25368,0.89619,0,111.26,202.59,368.93,1
0.6176,-0.65785,0.43106,0,0.69919,0.7102,0.08209,0,-0.36014,0.2507,0.89858,0,112.58,202.65,369.14,1
0.62093,-0.65769,0.42648,0,0.69819,0.71137,0.080517,0,-0.35634,0.24777,0.9009,0,113.89,202.71,369.34,1
0.62419,-0.65751,0.42197,0,0.69718,0.71253,0.078968,0,-0.35259,0.2449,0.90316,0,115.17,202.77,369.54,1
0.62738,-0.65731,0.41753,0,0.69618,0.71367,0.077443,0,-0.34889,0.24209,0.90536,0,116.44,202.85,369.73,1
0.6305,-0.65709,0.41316,0,0.69519,0.71481,0.075943,0,-0.34523,0.23934,0.90749,0,117.68,202.93,369.93,1
0.63355,-0.65684,0.40886,0,0.69419,0.71593,0.074466,0,-0.34163,0.23665,0.90955,0,118.89,203.01,370.12,1
0.63653,-0.65658,0.40463,0,0.6932,0.71704,0.073013,0,-0.33807,0.23402,0.91156,0,120.08,203.1,370.3,1
0.63945,-0.6563,0.40048,0,0.69222,0.71813,0.071584,0,-0.33457,0.23144,0.91351,0,121.26,203.2,370.48,1
0.6423,-0.65599,0.3964,0,0.69124,0.71921,0.070179,0,-0.33113,0.22893,0.91539,0,122.4,203.31,370.66,1
0.64508,-0.65567,0.39239,0,0.69026,0.72028,0.068797,0,-0.32774,0.22647,0.91722,0,123.53,203.42,370.84,1
0.64779,-0.65534,0.38846,0,0.68929,0.72134,0.067438,0,-0.3244,0.22408,0.919,0,124.63,203.54,371.01,1
0.65044,-0.65498,0.3846,0,0.68833,0.72238,0.066103,0,-0.32113,0.22174,0.92071,0,125.7,203.66,371.18,1
0.65303,-0.65461,0.38083,0,0.68738,0.72341,0.064791,0,-0.31791,0.21946,0.92237,0,126.76,203.79,371.35,1
0.65556,-0.65423,0.37713,0,0.68643,0.72442,0.063502,0,-0.31475,0.21724,0.92398,0,127.79,203.92,371.52,1
0.65802,-0.65384,0.37351,0,0.68548,0.72542,0.062237,0,-0.31164,0.21508,0.92554,0,128.79,204.06,371.68,1
0.66042,-0.65343,0.36997,0,0.68455,0.72641,0.060994,0,-0.30861,0.21298,0.92704,0,129.78,204.21,371.84,1
0.66276,-0.65301,0.36651,0,0.68362,0.72738,0.059775,0,-0.30563,0.21094,0.92849,0,130.73,204.36,371.99,1
0.66504,-0.65258,0.36314,0,0.68271,0.72834,0.058579,0,-0.30271,0.20896,0.92989,0,131.67,204.52,372.15,1
0.66726,-0.65214,0.35984,0,0.6818,0.72928,0.057405,0,-0.29986,0.20704,0.93125,0,132.58,204.68,372.3,1
0.66942,-0.65169,0.35663,0,0.6809,0.73021,0.056255,0,-0.29708,0.20517,0.93255,0,133.46,204.85,372.45,1
0.67152,-0.65123,0.35351,0,0.68001,0.73112,0.055128,0,-0.29436,0.20337,0.93381,0,134.32,205.02,372.6,1
0.67356,-0.65076,0.35046,0,0.67913,0.73202,0.054024,0,-0.2917,0.20162,0.93502,0,135.16,205.2,372.74,1
0.67555,-0.65029,0.34751,0,0.67827,0.73291,0.052942,0,-0.28912,0.19994,0.93618,0,135.97,205.38,372.88,1
0.67748,-0.64981,0.34464,0,0.67741,0.73377,0.051884,0,-0.2866,0.19831,0.9373,0,136.76,205.57,373.02,1
0.67935,-0.64932,0.34185,0,0.67656,0.73463,0.050849,0,-0.28415,0.19674,0.93838,0,137.52,205.76,373.16,1
0.68117,-0.64883,0.33915,0,0.67573,0.73546,0.049837,0,-0.28177,0.19523,0.93941,0,138.25,205.96,373.3,1
0.68293,-0.64834,0.33654,0,0.67491,0.73628,0.048849,0,-0.27946,0.19378,0.9404,0,138.97,206.16,373.43,1
0.68464,-0.64784,0.33402,0,0.6741,0.73708,0.047883,0,-0.27722,0.19238,0.94135,0,139.65,206.37,373.56,1
0.6863,-0.64734,0.33159,0,0.67331,0.73787,0.046941,0,-0.27506,0.19104,0.94226,0,140.31,206.58,373.69,1
0.6879,-0.64684,0.32924,0,0.67252,0.73864,0.046022,0,-0.27296,0.18976,0.94312,0,140.95,206.79,373.82,1
0.68945,-0.64633,0.32699,0,0.67176,0.7394,0.045127,0,-0.27094,0.18854,0.94395,0,141.56,207.01,373.94,1
0.69094,-0.64583,0.32482,0,0.671,0.74013,0.044255,0,-0.26899,0.18738,0.94474,0,142.14,207.24,374.07,1
0.69238,-0.64532,0.32275,0,0.67026,0.74085,0.043407,0,-0.26712,0.18627,0.94549,0,142.7,207.46,374.19,1
0.69377,-0.64482,0.32077,0,0.66954,0.74156,0.042583,0,-0.26532,0.18522,0.9462,0,143.23,207.69,374.31,1
0.69511,-0.64431,0.31887,0,0.66883,0.74224,0.041783,0,-0.2636,0.18423,0.94688,0,143.74,207.93,374.43,1
0.6964,-0.64381,0.31707,0,0.66813,0.74291,0.041007,0,-0.26196,0.18329,0.94751,0,144.22,208.16,374.54,1
0.69764,-0.64331,0.31537,0,0.66746,0.74356,0.040255,0,-0.26039,0.18241,0.94812,0,144.67,208.41,374.66,1
0.69882,-0.64281,0.31375,0,0.6668,0.74419,0.039527,0,-0.2589,0.18159,0.94868,0,145.1,208.65,374.77,1
0.69996,-0.64232,0.31223,0,0.66615,0.74481,0.038824,0,-0.25749,0.18082,0.94921,0,145.5,208.9,374.88,1
0.70104,-0.64183,0.3108,0,0.66552,0.7454,0.038146,0,-0.25615,0.1801,0.94971,0,145.87,209.15,374.99,1
0.70208,-0.64134,0.30946,0,0.66491,0.74598,0.037493,0,-0.2549,0.17944,0.95017,0,146.22,209.4,375.1,1
0.70307,-0.64086,0.30822,0,0.66432,0.74654,0.036865,0,-0.25372,0.17884,0.9506,0,146.54,209.66,375.21,1
0.704,-0.64038,0.30707,0,0.66375,0.74708,0.036262,0,-0.25263,0.17829,0.951,0,146.84,209.91,375.31,1
0.70489,-0.63991,0.30602,0,0.66319,0.7476,0.035684,0,-0.25161,0.1778,0.95136,0,147.11,210.17,375.42,1
0.70572,-0.63945,0.30506,0,0.66266,0.7481,0.035133,0,-0.25068,0.17735,0.95169,0,147.35,210.44,375.52,1
0.70651,-0.63899,0.30419,0,0.66214,0.74858,0.034607,0,-0.24983,0.17697,0.95198,0,147.56,210.7,375.62,1
0.70725,-0.63854,0.30342,0,0.66164,0.74905,0.034108,0,-0.24906,0.17663,0.95225,0,147.75,210.97,375.72,1
0.70794,-0.6381,0.30275,0,0.66116,0.74949,0.033635,0,-0.24837,0.17635,0.95248,0,147.91,211.24,375.82,1
0.70858,-0.63766,0.30217,0,0.6607,0.74991,0.033188,0,-0.24776,0.17613,0.95268,0,148.05,211.51,375.92,1
0.70917,-0.63723,0.30168,0,0.66027,0.75032,0.032769,0,-0.24724,0.17595,0.95285,0,148.15,211.78,376.02,1
0.70971,-0.63681,0.30129,0,0.65985,0.7507,0.032378,0,-0.2468,0.17583,0.95298,0,148.23,212.05,376.11,1
0.7102,-0.6364,0.301,0,0.65945,0.75107,0.032013,0,-0.24644,0.17576,0.95309,0,148.28,212.33,376.2,1
0.71065,-0.636,0.3008,0,0.65908,0.75141,0.031677,0,-0.24617,0.17574,0.95316,0,148.31,212.6,376.3,1
0.71104,-0.63561,0.30069,0,0.65872,0.75173,0.031369,0,-0.24598,0.17577,0.9532,0,148.3,212.88,376.39,1
0.71138,-0.63523,0.30069,0,0.65839,0.75203,0.03109,0,-0.24587,0.17585,0.95322,0,148.27,213.15,376.48,1
0.71168,-0.63486,0.30077,0,0.65808,0.75232,0.030839,0,-0.24585,0.17599,0.9532,0,148.21,213.43,376.56,1
0.71192,-0.6345,0.30096,0,0.65779,0.75258,0.030618,0,-0.24592,0.17617,0.95315,0,148.13,213.7,376.65,1
0.71211,-0.63415,0.30123,0,0.65753,0.75282,0.030426,0,-0.24607,0.1764,0.95306,0,148.01,213.98,376.74,1
0.71226,-0.63382,0.30161,0,0.65729,0.75303,0.030264,0,-0.2463,0.17669,0.95295,0,147.87,214.26,376.82,1
0.71235,-0.63349,0.30208,0,0.65707,0.75323,0.030132,0,-0.24662,0.17702,0.95281,0,147.7,214.53,376.91,1
0.71239,-0.63317,0.30264,0,0.65687,0.75341,0.030031,0,-0.24703,0.1774,0.95263,0,147.5,214.81,376.99,1
