-0.54317,-0.041733,0.83859,0,0.72498,0.48048,0.49349,0,-0.42352,0.87601,-0.23073,0,-200.59,394.91,227.96,1
-0.54378,-0.041945,0.83818,0,0.72456,0.48049,0.49411,0,-0.42346,0.876,-0.23089,0,-200.77,394.84,227.81,1
-0.5444,-0.042178,0.83777,0,0.72413,0.48049,0.49474,0,-0.42341,0.87598,-0.23104,0,-200.96,394.77,227.66,1
-0.54502,-0.042432,0.83735,0,0.72369,0.48049,0.49539,0,-0.42336,0.87597,-0.23117,0,-201.15,394.69,227.52,1
-0.54565,-0.042709,0.83693,0,0.72324,0.48048,0.49605,0,-0.42331,0.87596,-0.23128,0,-201.34,394.6,227.38,1
-0.54628,-0.043011,0.8365,0,0.72278,0.48047,0.49672,0,-0.42328,0.87596,-0.23138,0,-201.53,394.5,227.24,1
-0.54692,-0.043337,0.83606,0,0.72232,0.48045,0.49742,0,-0.42324,0.87595,-0.23146,0,-201.72,394.38,227.11,1
-0.54756,-0.04369,0.83562,0,0.72185,0.48043,0.49812,0,-0.42322,0.87595,-0.23153,0,-201.92,394.26,226.98,1
-0.54821,-0.04407,0.83518,0,0.72137,0.48039,0.49885,0,-0.4232,0.87594,-0.23156,0,-202.12,394.13,226.85,1
-0.54885,-0.044479,0.83473,0,0.72088,0.48036,0.49959,0,-0.42319,0.87594,-0.23158,0,-202.31,393.98,226.73,1
-0.5495,-0.044919,0.83428,0,0.72039,0.48031,0.50035,0,-0.42319,0.87595,-0.23157,0,-202.51,393.82,226.62,1
-0.55016,-0.04539,0.83383,0,0.71988,0.48026,0.50112,0,-0.4232,0.87595,-0.23154,0,-202.72,393.65,226.51,1
-0.55081,-0.045893,0.83337,0,0.71937,0.4802,0.50191,0,-0.42322,0.87596,-0.23148,0,-202.92,393.47,226.4,1
-0.55146,-0.046432,0.83291,0,0.71886,0.48013,0.50271,0,-0.42324,0.87597,-0.23139,0,-203.12,393.27,226.31,1
-0.55211,-0.047005,0.83244,0,0.71833,0.48005,0.50354,0,-0.42328,0.87598,-0.23128,0,-203.32,393.05,226.22,1
-0.55277,-0.047616,0.83197,0,0.7178,0.47996,0.50438,0,-0.42333,0.87599,-0.23113,0,-203.52,392.82,226.14,1
-0.55342,-0.048265,0.8315,0,0.71726,0.47987,0.50524,0,-0.4234,0.87601,-0.23095,0,-203.73,392.57,226.07,1
-0.55407,-0.048955,0.83103,0,0.71672,0.47976,0.50611,0,-0.42347,0.87603,-0.23073,0,-203.93,392.31,226,1
-0.55471,-0.049685,0.83056,0,0.71616,0.47964,0.507,0,-0.42356,0.87606,-0.23048,0,-204.13,392.02,225.95,1
-0.55535,-0.050459,0.83008,0,0.7156,0.47952,0.50791,0,-0.42367,0.87608,-0.23019,0,-204.33,391.72,225.91,1
-0.55599,-0.051277,0.8296,0,0.71504,0.47938,0.50884,0,-0.42378,0.87611,-0.22987,0,-204.53,391.4,225.87,1
-0.55663,-0.05214,0.82912,0,0.71446,0.47923,0.50979,0,-0.42392,0.87614,-0.2295,0,-204.73,391.06,225.85,1
-0.55726,-0.05305,0.82864,0,0.71388,0.47906,0.51075,0,-0.42407,0.87618,-0.22909,0,-204.92,390.7,225.84,1
-0.55788,-0.054008,0.82816,0,0.7133,0.47889,0.51174,0,-0.42423,0.87621,-0.22864,0,-205.12,390.32,225.85,1
-0.5585,-0.055016,0.82768,0,0.7127,0.4787,0.51274,0,-0.42442,0.87625,-0.22814,0,-205.31,389.92,225.86,1
-0.55911,-0.056074,0.82719,0,0.7121,0.4785,0.51376,0,-0.42462,0.8763,-0.2276,0,-205.5,389.49,225.89,1
-0.55972,-0.057183,0.82671,0,0.7115,0.47828,0.5148,0,-0.42484,0.87634,-0.22702,0,-205.69,389.04,225.93,1
-0.56031,-0.058346,0.82622,0,0.71089,0.47805,0.51586,0,-0.42508,0.87639,-0.22638,0,-205.87,388.57,225.98,1
-0.5609,-0.059562,0.82574,0,0.71027,0.47781,0.51693,0,-0.42533,0.87644,-0.2257,0,-206.06,388.07,226.05,1
-0.56148,-0.060833,0.82525,0,0.70964,0.47755,0.51803,0,-0.42561,0.8765,-0.22497,0,-206.24,387.55,226.13,1
-0.56206,-0.062161,0.82476,0,0.70901,0.47728,0.51915,0,-0.42591,0.87655,-0.22418,0,-206.42,387.01,226.23,1
-0.56262,-0.063545,0.82427,0,0.70837,0.47699,0.52028,0,-0.42623,0.87661,-0.22335,0,-206.59,386.44,226.34,1
-0.56317,-0.064987,0.82378,0,0.70773,0.47668,0.52144,0,-0.42657,0.87667,-0.22246,0,-206.76,385.84,226.47,1
-0.56371,-0.066488,0.82329,0,0.70708,0.47636,0.52261,0,-0.42693,0.87673,-0.22152,0,-206.93,385.22,226.61,1
-0.56424,-0.068049,0.8228,0,0.70642,0.47602,0.52381,0,-0.42731,0.8768,-0.22052,0,-207.1,384.57,226.77,1
-0.56476,-0.06967,0.82231,0,0.70576,0.47567,0.52502,0,-0.42772,0.87686,-0.21947,0,-207.26,383.89,226.94,1
-0.56527,-0.071353,0.82181,0,0.70509,0.47529,0.52625,0,-0.42815,0.87693,-0.21836,0,-207.42,383.18,227.13,1
-0.56577,-0.073097,0.82132,0,0.70442,0.4749,0.52751,0,-0.42861,0.877,-0.21719,0,-207.57,382.45,227.34,1
-0.56625,-0.074905,0.82082,0,0.70374,0.47449,0.52878,0,-0.42908,0.87707,-0.21597,0,-207.72,381.68,227.56,1
-0.56672,-0.076777,0.82032,0,0.70305,0.47407,0.53007,0,-0.42959,0.87713,-0.21469,0,-207.87,380.89,227.8,1
-0.56718,-0.078713,0.81982,0,0.70236,0.47362,0.53139,0,-0.43011,0.8772,-0.21335,0,-208.01,380.06,228.05,1
-0.56762,-0.080713,0.81932,0,0.70166,0.47316,0.53272,0,-0.43067,0.87727,-0.21194,0,-208.14,379.21,228.33,1
-0.56805,-0.08278,0.81882,0,0.70096,0.47268,0.53407,0,-0.43125,0.87734,-0.21048,0,-208.28,378.33,228.62,1
-0.56847,-0.084912,0.81831,0,0.70025,0.47218,0.53545,0,-0.43185,0.87741,-0.20896,0,-208.4,377.41,228.92,1
-0.56887,-0.087112,0.8178,0,0.69953,0.47165,0.53684,0,-0.43248,0.87747,-0.20737,0,-208.53,376.47,229.25,1
-0.56925,-0.089378,0.81729,0,0.69881,0.47111,0.53825,0,-0.43314,0.87753,-0.20572,0,-208.65,375.49,229.59,1
-0.56962,-0.091712,0.81677,0,0.69808,0.47055,0.53969,0,-0.43383,0.87759,-0.20401,0,-208.76,374.48,229.95,1
-0.56998,-0.094114,0.81625,0,0.69735,0.46997,0.54114,0,-0.43454,0.87765,-0.20224,0,-208.87,373.43,230.32,1
-0.57031,-0.096585,0.81573,0,0.69661,0.46937,0.54261,0,-0.43529,0.8777,-0.20041,0,-208.97,372.36,230.71,1
-0.57063,-0.099125,0.8152,0,0.69587,0.46875,0.5441,0,-0.43606,0.87775,-0.1985,0,-209.07,371.25,231.12,1
-0.57094,-0.10173,0.81467,0,0.69512,0.4681,0.54561,0,-0.43685,0.8778,-0.19654,0,-209.16,370.11,231.55,1
-0.57122,-0.10441,0.81413,0,0.69436,0.46744,0.54714,0,-0.43768,0.87784,-0.19451,0,-209.25,368.93,231.99,1
-0.57149,-0.10716,0.81358,0,0.6936,0.46675,0.54869,0,-0.43854,0.87787,-0.19242,0,-209.33,367.72,232.45,1
-0.57174,-0.10998,0.81303,0,0.69284,0.46604,0.55026,0,-0.43942,0.8779,-0.19026,0,-209.4,366.48,232.93,1
-0.57197,-0.11286,0.81247,0,0.69206,0.46531,0.55184,0,-0.44034,0.87792,-0.18804,0,-209.47,365.2,233.42,1
-0.57218,-0.11582,0.81191,0,0.69129,0.46456,0.55345,0,-0.44128,0.87793,-0.18575,0,-209.54,363.89,233.93,1
-0.57237,-0.11885,0.81134,0,0.69051,0.46379,0.55507,0,-0.44226,0.87794,-0.18339,0,-209.59,362.54,234.45,1
-0.57254,-0.12195,0.81075,0,0.68972,0.46299,0.55671,0,-0.44326,0.87793,-0.18098,0,-209.64,361.15,235,1
-0.57269,-0.12511,0.81017,0,0.68893,0.46218,0.55837,0,-0.4443,0.87792,-0.17849,0,-209.69,359.73,235.55,1
-0.57283,-0.12835,0.80957,0,0.68813,0.46134,0.56004,0,-0.44537,0.87789,-0.17594,0,-209.72,358.28,236.12,1
-0.57294,-0.13166,0.80896,0,0.68733,0.46048,0.56174,0,-0.44646,0.87785,-0.17333,0,-209.76,356.79,236.71,1
-0.57302,-0.13504,0.80834,0,0.68652,0.45959,0.56345,0,-0.44759,0.8778,-0.17065,0,-209.78,355.26,237.32,1
-0.57309,-0.13849,0.80771,0,0.68571,0.45868,0.56517,0,-0.44875,0.87774,-0.16791,0,-209.8,353.7,237.93,1
-0.57313,-0.142,0.80706,0,0.68489,0.45775,0.56691,0,-0.44994,0.87767,-0.1651,0,-209.81,352.1,238.56,1
-0.57316,-0.14559,0.80641,0,0.68407,0.4568,0.56867,0,-0.45116,0.87757,-0.16222,0,-209.81,350.46,239.21,1
-0.57316,-0.14924,0.80574,0,0.68324,0.45582,0.57045,0,-0.45241,0.87747,-0.15929,0,-209.81,348.79,239.87,1
-0.57313,-0.15297,0.80506,0,0.68241,0.45483,0.57224,0,-0.45369,0.87735,-0.15629,0,-209.79,347.08,240.54,1
-0.57308,-0.15676,0.80436,0,0.68157,0.4538,0.57404,0,-0.45501,0.87721,-0.15323,0,-209.77,345.34,241.23,1
-0.57301,-0.16062,0.80365,0,0.68073,0.45276,0.57586,0,-0.45635,0.87705,-0.1501,0,-209.75,343.56,241.93,1
-0.57292,-0.16454,0.80293,0,0.67989,0.45169,0.57769,0,-0.45773,0.87687,-0.14691,0,-209.71,341.74,242.64,1
-0.5728,-0.16854,0.80218,0,0.67904,0.4506,0.57954,0,-0.45914,0.87667,-0.14366,0,-209.67,339.88,243.36,1
-0.57265,-0.17259,0.80142,0,0.67819,0.44949,0.5814,0,-0.46058,0.87645,-0.14035,0,-209.62,337.99,244.1,1
-0.57248,-0.17672,0.80065,0,0.67733,0.44835,0.58327,0,-0.46205,0.87621,-0.13698,0,-209.56,336.07,244.84,1
-0.57228,-0.18091,0.79985,0,0.67647,0.4472,0.58515,0,-0.46355,0.87595,-0.13355,0,-209.49,334.1,245.6,1
-0.57206,-0.18516,0.79904,0,0.67561,0.44602,0.58705,0,-0.46508,0.87566,-0.13005,0,-209.42,332.1,246.36,1
-0.57181,-0.18947,0.79821,0,0.67474,0.44481,0.58895,0,-0.46664,0.87535,-0.1265,0,-209.33,330.07,247.14,1
-0.57154,-0.19385,0.79735,0,0.67387,0.44359,0.59087,0,-0.46823,0.87502,-0.1229,0,-209.24,327.99,247.92,1
-0.57123,-0.19828,0.79648,0,0.673,0.44234,0.5928,0,-0.46985,0.87465,-0.11923,0,-209.14,325.89,248.71,1
-0.5709,-0.20278,0.79558,0,0.67212,0.44107,0.59473,0,-0.47151,0.87426,-0.11551,0,-209.03,323.74,249.51,1
-0.57055,-0.20734,0.79466,0,0.67125,0.43978,0.59668,0,-0.47319,0.87385,-0.11174,0,-208.91,321.56,250.32,1
-0.57016,-0.21195,0.79372,0,0.67036,0.43846,0.59863,0,-0.4749,0.8734,-0.10791,0,-208.78,319.35,251.13,1
-0.56975,-0.21662,0.79276,0,0.66948,0.43713,0.60059,0,-0.47664,0.87292,-0.10403,0,-208.64,317.1,251.95,1
-0.5693,-0.22135,0.79177,0,0.66859,0.43577,0.60256,0,-0.47841,0.87241,-0.1001,0,-208.49,314.82,252.78,1
-0.56883,-0.22613,0.79076,0,0.66771,0.4344,0.60454,0,-0.4802,0.87188,-0.096113,0,-208.34,312.5,253.61,1
-0.56833,-0.23096,0.78972,0,0.66682,0.433,0.60652,0,-0.48203,0.8713,-0.09208,0,-208.17,310.15,254.44,1
-0.5678,-0.23585,0.78865,0,0.66593,0.43158,0.60851,0,-0.48388,0.8707,-0.087998,0,-207.99,307.77,255.28,1
-0.56725,-0.24078,0.78756,0,0.66503,0.43014,0.6105,0,-0.48576,0.87006,-0.08387,0,-207.81,305.35,256.12,1
-0.56666,-0.24576,0.78645,0,0.66414,0.42868,0.6125,0,-0.48767,0.86938,-0.079697,0,-207.61,302.9,256.97,1
-0.56604,-0.25079,0.7853,0,0.66324,0.42721,0.6145,0,-0.4896,0.86868,-0.075479,0,-207.41,300.42,257.82,1
-0.56539,-0.25587,0.78413,0,0.66235,0.42571,0.6165,0,-0.49156,0.86793,-0.071219,0,-207.19,297.91,258.66,1
-0.56472,-0.26099,0.78293,0,0.66145,0.42419,0.6185,0,-0.49354,0.86715,-0.066918,0,-206.96,295.36,259.51,1
-0.56401,-0.26615,0.7817,0,0.66055,0.42266,0.62051,0,-0.49554,0.86633,-0.062577,0,-206.73,292.79,260.36,1
-0.56327,-0.27136,0.78044,0,0.65965,0.42111,0.62251,0,-0.49757,0.86547,-0.058198,0,-206.48,290.19,261.21,1
-0.56251,-0.2766,0.77915,0,0.65876,0.41954,0.62452,0,-0.49963,0.86457,-0.053783,0,-206.22,287.55,262.06,1
-0.56171,-0.28188,0.77784,0,0.65786,0.41795,0.62653,0,-0.5017,0.86363,-0.049334,0,-205.95,284.89,262.9,1
-0.56088,-0.28719,0.77649,0,0.65696,0.41635,0.62853,0,-0.5038,0.86265,-0.044851,0,-205.68,282.21,263.74,1
-0.56002,-0.29254,0.77511,0,0.65606,0.41473,0.63054,0,-0.50592,0.86164,-0.040338,0,-205.39,279.49,264.58,1
-0.55913,-0.29791,0.7737,0,0.65517,0.4131,0.63254,0,-0.50806,0.86058,-0.035795,0,-205.09,276.75,265.42,1
-0.55822,-0.30332,0.77227,0,0.65427,0.41145,0.63453,0,-0.51022,0.85948,-0.031225,0,-204.78,273.99,266.25,1
-0.55727,-0.30875,0.7708,0,0.65338,0.40979,0.63653,0,-0.51239,0.85834,-0.02663,0,-204.46,271.2,267.08,1
-0.55629,-0.31421,0.7693,0,0.65249,0.40811,0.63851,0,-0.51459,0.85716,-0.022012,0,-204.13,268.39,267.9,1
-0.55528,-0.31969,0.76776,0,0.6516,0.40643,0.6405,0,-0.5168,0.85593,-0.017372,0,-203.79,265.56,268.71,1
-0.55424,-0.32519,0.7662,0,0.65071,0.40472,0.64247,0,-0.51903,0.85466,-0.012713,0,-203.44,262.7,269.52,1
-0.55318,-0.3307,0.76461,0,0.64983,0.40301,0.64444,0,-0.52127,0.85336,-0.0080368,0,-203.08,259.83,270.32,1
-0.55208,-0.33624,0.76299,0,0.64894,0.40129,0.6464,0,-0.52352,0.852,-0.0033458,0,-202.71,256.93,271.11,1
-0.55096,-0.34178,0.76133,0,0.64806,0.39956,0.64836,0,-0.52579,0.85061,0.0013578,0,-202.33,254.02,271.9,1
-0.54981,-0.34734,0.75965,0,0.64719,0.39782,0.6503,0,-0.52808,0.84918,0.006072,0,-201.95,251.09,272.67,1
-0.54862,-0.3529,0.75794,0,0.64631,0.39607,0.65224,0,-0.53037,0.8477,0.010795,0,-201.55,248.15,273.44,1
-0.54742,-0.35847,0.7562,0,0.64544,0.39431,0.65416,0,-0.53267,0.84618,0.015523,0,-201.14,245.19,274.19,1
-0.54618,-0.36405,0.75442,0,0.64457,0.39254,0.65608,0,-0.53499,0.84462,0.020256,0,-200.72,242.22,274.94,1
-0.54492,-0.36962,0.75262,0,0.64371,0.39077,0.65798,0,-0.53731,0.84302,0.024991,0,-200.29,239.23,275.67,1
-0.54363,-0.3752,0.75079,0,0.64285,0.389,0.65987,0,-0.53964,0.84137,0.029727,0,-199.86,236.24,276.4,1
-0.54232,-0.38077,0.74894,0,0.642,0.38722,0.66174,0,-0.54197,0.83969,0.03446,0,-199.41,233.23,277.11,1
-0.54098,-0.38634,0.74705,0,0.64114,0.38543,0.66361,0,-0.54431,0.83797,0.03919,0,-198.96,230.22,277.81,1
-0.53961,-0.3919,0.74514,0,0.6403,0.38364,0.66546,0,-0.54666,0.8362,0.043913,0,-198.5,227.19,278.49,1
-0.53822,-0.39745,0.7432,0,0.63946,0.38185,0.6673,0,-0.54901,0.8344,0.04863,0,-198.03,224.16,279.17,1
-0.53681,-0.40299,0.74124,0,0.63862,0.38006,0.66912,0,-0.55137,0.83256,0.053336,0,-197.55,221.13,279.83,1
-0.53537,-0.40852,0.73925,0,0.63779,0.37827,0.67092,0,-0.55372,0.83068,0.058032,0,-197.06,218.09,280.47,1
-0.53391,-0.41403,0.73724,0,0.63696,0.37648,0.67271,0,-0.55608,0.82876,0.062714,0,-196.57,215.04,281.11,1
-0.53242,-0.41953,0.7352,0,0.63614,0.37469,0.67449,0,-0.55844,0.8268,0.067382,0,-196.07,211.99,281.73,1
-0.53092,-0.425,0.73314,0,0.63532,0.3729,0.67625,0,-0.5608,0.82481,0.072033,0,-195.56,208.94,282.33,1
-0.52939,-0.43046,0.73106,0,0.63451,0.37112,0.67799,0,-0.56316,0.82278,0.076666,0,-195.04,205.89,282.92,1
-0.52784,-0.4359,0.72896,0,0.6337,0.36934,0.67971,0,-0.56552,0.82072,0.08128,0,-194.52,202.84,283.5,1
-0.52627,-0.44131,0.72684,0,0.6329,0.36756,0.68142,0,-0.56787,0.81863,0.085872,0,-193.99,199.79,284.06,1
-0.52467,-0.44669,0.72469,0,0.63211,0.36579,0.68311,0,-0.57022,0.8165,0.090441,0,-193.45,196.75,284.61,1
-0.52306,-0.45205,0.72253,0,0.63132,0.36402,0.68478,0,-0.57257,0.81433,0.094986,0,-192.91,193.7,285.14,1
-0.52143,-0.45738,0.72035,0,0.63054,0.36226,0.68643,0,-0.57492,0.81214,0.099506,0,-192.37,190.66,285.66,1
-0.51978,-0.46269,0.71815,0,0.62976,0.3605,0.68807,0,-0.57726,0.80991,0.104,0,-191.81,187.63,286.16,1
-0.51812,-0.46796,0.71594,0,0.62899,0.35876,0.68968,0,-0.57959,0.80766,0.10846,0,-191.26,184.6,286.65,1
-0.51643,-0.47319,0.71371,0,0.62823,0.35702,0.69128,0,-0.58192,0.80537,0.1129,0,-190.7,181.57,287.12,1
-0.51473,-0.47839,0.71147,0,0.62747,0.35529,0.69286,0,-0.58424,0.80306,0.1173,0,-190.13,178.56,287.58,1
-0.51301,-0.48356,0.70922,0,0.62672,0.35358,0.69441,0,-0.58655,0.80072,0.12167,0,-189.56,175.55,288.02,1
-0.51128,-0.48869,0.70695,0,0.62597,0.35187,0.69595,0,-0.58886,0.79835,0.12601,0,-188.98,172.55,288.45,1
-0.50953,-0.49378,0.70467,0,0.62523,0.35017,0.69747,0,-0.59116,0.79596,0.13031,0,-188.4,169.56,288.86,1
-0.50776,-0.49884,0.70238,0,0.6245,0.34849,0.69897,0,-0.59344,0.79355,0.13457,0,-187.82,166.59,289.26,1
-0.50598,-0.50385,0.70008,0,0.62377,0.34682,0.70044,0,-0.59572,0.79111,0.1388,0,-187.23,163.62,289.64,1
-0.50419,-0.50882,0.69777,0,0.62306,0.34517,0.7019,0,-0.59799,0.78864,0.143,0,-186.65,160.67,290.01,1
-0.50239,-0.51375,0.69546,0,0.62234,0.34352,0.70334,0,-0.60025,0.78616,0.14715,0,-186.05,157.73,290.37,1
-0.50057,-0.51864,0.69314,0,0.62164,0.3419,0.70475,0,-0.60249,0.78366,0.15126,0,-185.46,154.8,290.71,1
-0.49874,-0.52348,0.69082,0,0.62094,0.34029,0.70615,0,-0.60473,0.78114,0.15533,0,-184.87,151.89,291.03,1
-0.4969,-0.52828,0.68849,0,0.62024,0.33869,0.70752,0,-0.60695,0.7786,0.15937,0,-184.27,149,291.34,1
-0.49505,-0.53303,0.68616,0,0.61956,0.33711,0.70887,0,-0.60916,0.77604,0.16335,0,-183.67,146.12,291.64,1
-0.49318,-0.53773,0.68383,0,0.61888,0.33555,0.71021,0,-0.61136,0.77347,0.1673,0,-183.07,143.25,291.92,1
-0.49131,-0.54239,0.68149,0,0.61821,0.33401,0.71152,0,-0.61354,0.77088,0.1712,0,-182.47,140.41,292.19,1
-0.48943,-0.54699,0.67916,0,0.61754,0.33249,0.71281,0,-0.61571,0.76828,0.17506,0,-181.87,137.58,292.45,1
-0.48754,-0.55155,0.67683,0,0.61688,0.33098,0.71408,0,-0.61787,0.76566,0.17887,0,-181.27,134.77,292.69,1
-0.48564,-0.55606,0.6745,0,0.61623,0.3295,0.71533,0,-0.62001,0.76304,0.18264,0,-180.67,131.98,292.92,1
-0.48374,-0.56052,0.67217,0,0.61558,0.32803,0.71656,0,-0.62214,0.7604,0.18636,0,-180.07,129.22,293.14,1
-0.48183,-0.56493,0.66985,0,0.61494,0.32659,0.71776,0,-0.62425,0.75776,0.19004,0,-179.47,126.47,293.35,1
-0.47991,-0.56928,0.66754,0,0.61431,0.32517,0.71895,0,-0.62635,0.7551,0.19366,0,-178.87,123.74,293.54,1
-0.47798,-0.57359,0.66523,0,0.61368,0.32377,0.72011,0,-0.62843,0.75244,0.19725,0,-178.28,121.03,293.72,1
-0.47605,-0.57784,0.66293,0,0.61307,0.32239,0.72126,0,-0.63049,0.74978,0.20078,0,-177.68,118.35,293.89,1
-0.47412,-0.58204,0.66064,0,0.61245,0.32104,0.72238,0,-0.63254,0.7471,0.20426,0,-177.09,115.69,294.05,1
-0.47218,-0.58619,0.65835,0,0.61185,0.31971,0.72348,0,-0.63458,0.74443,0.2077,0,-176.5,113.05,294.19,1
-0.47024,-0.59028,0.65608,0,0.61125,0.3184,0.72457,0,-0.63659,0.74175,0.21109,0,-175.91,110.43,294.33,1
-0.46829,-0.59432,0.65382,0,0.61066,0.31711,0.72563,0,-0.63859,0.73907,0.21442,0,-175.32,107.84,294.45,1
-0.46634,-0.59831,0.65158,0,0.61007,0.31585,0.72667,0,-0.64057,0.73639,0.21771,0,-174.74,105.28,294.57,1
-0.46439,-0.60224,0.64934,0,0.60949,0.31462,0.72769,0,-0.64254,0.73371,0.22095,0,-174.16,102.73,294.67,1
-0.46244,-0.60612,0.64713,0,0.60892,0.31341,0.72869,0,-0.64449,0.73102,0.22415,0,-173.58,100.22,294.76,1
-0.46049,-0.60994,0.64492,0,0.60836,0.31223,0.72967,0,-0.64641,0.72835,0.22729,0,-173.01,97.724,294.85,1
-0.45853,-0.61371,0.64274,0,0.6078,0.31107,0.73063,0,-0.64833,0.72567,0.23038,0,-172.44,95.258,294.92,1
-0.45657,-0.61743,0.64057,0,0.60725,0.30993,0.73157,0,-0.65022,0.723,0.23342,0,-171.88,92.818,294.99,1
-0.45462,-0.62109,0.63842,0,0.60671,0.30883,0.73248,0,-0.6521,0.72033,0.23642,0,-171.32,90.404,295.05,1
-0.45266,-0.62469,0.63628,0,0.60617,0.30775,0.73338,0,-0.65395,0.71767,0.23936,0,-170.76,88.017,295.1,1
-0.45071,-0.62824,0.63417,0,0.60564,0.30669,0.73426,0,-0.65579,0.71502,0.24226,0,-170.21,85.657,295.14,1
-0.44875,-0.63174,0.63208,0,0.60512,0.30567,0.73512,0,-0.65761,0.71237,0.24511,0,-169.67,83.325,295.17,1
-0.4468,-0.63519,0.63001,0,0.6046,0.30467,0.73596,0,-0.65941,0.70973,0.24791,0,-169.13,81.019,295.2,1
-0.44485,-0.63858,0.62796,0,0.60409,0.3037,0.73678,0,-0.6612,0.7071,0.25066,0,-168.59,78.741,295.22,1
-0.4429,-0.64191,0.62593,0,0.60359,0.30275,0.73758,0,-0.66296,0.70448,0.25336,0,-168.07,76.491,295.23,1
-0.44096,-0.64519,0.62392,0,0.60309,0.30183,0.73836,0,-0.66471,0.70187,0.25601,0,-167.54,74.269,295.24,1
-0.43902,-0.64842,0.62194,0,0.6026,0.30094,0.73912,0,-0.66643,0.69927,0.25862,0,-167.03,72.075,295.24,1
-0.43708,-0.6516,0.61999,0,0.60212,0.30008,0.73986,0,-0.66814,0.69669,0.26118,0,-166.52,69.909,295.23,1
-0.43514,-0.65472,0.61806,0,0.60165,0.29925,0.74059,0,-0.66983,0.69411,0.26369,0,-166.01,67.771,295.22,1
-0.43321,-0.65779,0.61615,0,0.60118,0.29844,0.74129,0,-0.6715,0.69155,0.26616,0,-165.51,65.662,295.2,1
-0.43129,-0.66081,0.61427,0,0.60072,0.29766,0.74198,0,-0.67315,0.68901,0.26858,0,-165.02,63.581,295.18,1
-0.42936,-0.66377,0.61242,0,0.60026,0.29691,0.74265,0,-0.67478,0.68648,0.27096,0,-164.54,61.529,295.15,1
-0.42745,-0.66668,0.61059,0,0.59982,0.29618,0.7433,0,-0.67639,0.68396,0.27329,0,-164.06,59.505,295.11,1
-0.42554,-0.66955,0.60879,0,0.59938,0.29549,0.74393,0,-0.67799,0.68146,0.27557,0,-163.59,57.51,295.08,1
-0.42363,-0.67236,0.60702,0,0.59895,0.29482,0.74454,0,-0.67956,0.67898,0.27781,0,-163.13,55.543,295.04,1
-0.42173,-0.67512,0.60527,0,0.59852,0.29417,0.74514,0,-0.68112,0.67652,0.28001,0,-162.67,53.605,294.99,1
-0.41983,-0.67783,0.60356,0,0.5981,0.29356,0.74572,0,-0.68265,0.67407,0.28217,0,-162.22,51.695,294.94,1
-0.41794,-0.68049,0.60187,0,0.59769,0.29297,0.74628,0,-0.68417,0.67164,0.28428,0,-161.78,49.814,294.89,1
-0.41606,-0.68311,0.60021,0,0.59729,0.2924,0.74682,0,-0.68567,0.66923,0.28635,0,-161.34,47.961,294.84,1
-0.41419,-0.68567,0.59858,0,0.59689,0.29187,0.74735,0,-0.68715,0.66683,0.28838,0,-160.91,46.136,294.78,1
-0.41232,-0.68819,0.59698,0,0.5965,0.29136,0.74786,0,-0.68861,0.66446,0.29037,0,-160.49,44.34,294.72,1
-0.41046,-0.69066,0.59541,0,0.59612,0.29087,0.74835,0,-0.69005,0.6621,0.29233,0,-160.08,42.571,294.65,1
-0.4086,-0.69309,0.59386,0,0.59574,0.29041,0.74883,0,-0.69147,0.65977,0.29424,0,-159.67,40.83,294.59,1
-0.40676,-0.69546,0.59235,0,0.59538,0.28998,0.74929,0,-0.69287,0.65745,0.29611,0,-159.28,39.117,294.52,1
-0.40492,-0.6978,0.59086,0,0.59502,0.28957,0.74974,0,-0.69426,0.65516,0.29795,0,-158.88,37.431,294.45,1
-0.40309,-0.70008,0.58941,0,0.59466,0.28918,0.75017,0,-0.69563,0.65288,0.29975,0,-158.5,35.773,294.38,1
-0.40126,-0.70233,0.58798,0,0.59432,0.28882,0.75058,0,-0.69697,0.65063,0.30151,0,-158.12,34.142,294.3,1
-0.39945,-0.70453,0.58658,0,0.59398,0.28848,0.75098,0,-0.6983,0.64839,0.30324,0,-157.75,32.537,294.23,1
-0.39764,-0.70669,0.58521,0,0.59365,0.28817,0.75136,0,-0.69962,0.64618,0.30494,0,-157.39,30.959,294.15,1
-0.39584,-0.7088,0.58387,0,0.59332,0.28788,0.75173,0,-0.70091,0.64399,0.3066,0,-157.04,29.407,294.07,1
-0.39405,-0.71088,0.58255,0,0.59301,0.2876,0.75208,0,-0.70219,0.64182,0.30822,0,-156.69,27.881,294,1
-0.39227,-0.71292,0.58127,0,0.5927,0.28736,0.75242,0,-0.70344,0.63967,0.30982,0,-156.35,26.381,293.92,1
-0.3905,-0.71491,0.58001,0,0.59239,0.28713,0.75275,0,-0.70468,0.63754,0.31139,0,-156.01,24.907,293.84,1
-0.38874,-0.71687,0.57878,0,0.5921,0.28692,0.75306,0,-0.70591,0.63544,0.31292,0,-155.68,23.457,293.75,1
-0.38698,-0.71878,0.57757,0,0.59181,0.28673,0.75336,0,-0.70711,0.63335,0.31442,0,-155.36,22.033,293.67,1
-0.38524,-0.72066,0.5764,0,0.59153,0.28656,0.75364,0,-0.7083,0.63129,0.3159,0,-155.05,20.633,293.59,1
-0.3835,-0.72251,0.57525,0,0.59126,0.28642,0.75391,0,-0.70947,0.62924,0.31735,0,-154.74,19.258,293.51,1
-0.38178,-0.72431,0.57412,0,0.59099,0.28629,0.75417,0,-0.71062,0.62722,0.31877,0,-154.44,17.907,293.43,1
-0.38006,-0.72608,0.57302,0,0.59073,0.28617,0.75441,0,-0.71175,0.62523,0.32016,0,-154.15,16.581,293.34,1
-0.37835,-0.72782,0.57195,0,0.59048,0.28608,0.75465,0,-0.71287,0.62325,0.32152,0,-153.86,15.278,293.26,1
-0.37666,-0.72952,0.57091,0,0.59023,0.286,0.75487,0,-0.71397,0.6213,0.32286,0,-153.57,13.999,293.18,1
-0.37497,-0.73118,0.56989,0,0.59,0.28594,0.75508,0,-0.71505,0.61936,0.32418,0,-153.3,12.744,293.1,1
-0.3733,-0.73281,0.56889,0,0.58977,0.2859,0.75527,0,-0.71612,0.61745,0.32546,0,-153.03,11.512,293.01,1
-0.37163,-0.73441,0.56792,0,0.58954,0.28587,0.75546,0,-0.71717,0.61557,0.32673,0,-152.77,10.303,292.93,1
-0.36998,-0.73597,0.56697,0,0.58933,0.28586,0.75563,0,-0.7182,0.6137,0.32797,0,-152.51,9.1175,292.85,1
-0.36834,-0.7375,0.56605,0,0.58912,0.28586,0.75579,0,-0.71921,0.61186,0.32919,0,-152.26,7.9549,292.77,1
-0.36671,-0.739,0.56516,0,0.58892,0.28588,0.75594,0,-0.72021,0.61004,0.33038,0,-152.01,6.8152,292.69,1
-0.36509,-0.74047,0.56429,0,0.58873,0.28591,0.75608,0,-0.72119,0.60824,0.33155,0,-151.77,5.6982,292.61,1
-0.36348,-0.7419,0.56344,0,0.58854,0.28596,0.75621,0,-0.72215,0.60647,0.3327,0,-151.54,4.6038,292.54,1
-0.36188,-0.74331,0.56261,0,0.58836,0.28601,0.75632,0,-0.7231,0.60472,0.33383,0,-151.31,3.5319,292.46,1
-0.3603,-0.74468,0.56181,0,0.58819,0.28609,0.75643,0,-0.72402,0.603,0.33494,0,-151.09,2.4825,292.38,1
-0.35873,-0.74602,0.56104,0,0.58803,0.28617,0.75652,0,-0.72493,0.6013,0.33603,0,-150.87,1.4554,292.31,1
-0.35718,-0.74733,0.56028,0,0.58788,0.28627,0.75661,0,-0.72583,0.59962,0.33709,0,-150.66,0.45049,292.24,1
-0.35563,-0.74862,0.55955,0,0.58773,0.28638,0.75668,0,-0.72671,0.59796,0.33814,0,-150.45,-0.53221,292.17,1
-0.3541,-0.74987,0.55884,0,0.58759,0.2865,0.75674,0,-0.72757,0.59634,0.33916,0,-150.25,-1.4928,292.1,1
-0.35259,-0.75109,0.55816,0,0.58745,0.28663,0.7568,0,-0.72841,0.59473,0.34017,0,-150.05,-2.4313,292.03,1
-0.35109,-0.75229,0.5575,0,0.58733,0.28677,0.75684,0,-0.72923,0.59315,0.34116,0,-149.86,-3.3479,291.96,1
-0.3496,-0.75345,0.55686,0,0.58721,0.28692,0.75687,0,-0.73004,0.5916,0.34213,0,-149.68,-4.2424,291.9,1
-0.34813,-0.75459,0.55624,0,0.5871,0.28708,0.7569,0,-0.73083,0.59007,0.34308,0,-149.5,-5.1151,291.84,1
-0.34667,-0.7557,0.55565,0,0.587,0.28726,0.75691,0,-0.73161,0.58856,0.34401,0,-149.32,-5.9658,291.78,1
-0.34523,-0.75678,0.55507,0,0.58691,0.28744,0.75691,0,-0.73236,0.58708,0.34493,0,-149.15,-6.7946,291.72,1
-0.3438,-0.75783,0.55452,0,0.58682,0.28763,0.75691,0,-0.7331,0.58563,0.34582,0,-148.99,-7.6015,291.67,1
-0.34239,-0.75885,0.554,0,0.58674,0.28783,0.75689,0,-0.73383,0.58421,0.3467,0,-148.83,-8.3865,291.61,1
-0.341,-0.75985,0.55349,0,0.58667,0.28804,0.75687,0,-0.73453,0.58281,0.34756,0,-148.67,-9.1497,291.56,1
-0.33962,-0.76082,0.55301,0,0.58661,0.28825,0.75683,0,-0.73522,0.58143,0.34841,0,-148.52,-9.8909,291.52,1
-0.33826,-0.76176,0.55254,0,0.58656,0.28848,0.75679,0,-0.73589,0.58009,0.34923,0,-148.37,-10.61,291.47,1
-0.33692,-0.76267,0.5521,0,0.58651,0.28871,0.75674,0,-0.73654,0.57877,0.35004,0,-148.23,-11.307,291.43,1
-0.33559,-0.76356,0.55168,0,0.58647,0.28895,0.75668,0,-0.73718,0.57748,0.35084,0,-148.1,-11.983,291.39,1
-0.33428,-0.76442,0.55129,0,0.58644,0.2892,0.7566,0,-0.73779,0.57622,0.35161,0,-147.96,-12.636,291.36,1
-0.333,-0.76525,0.55091,0,0.58642,0.28945,0.75652,0,-0.73839,0.57498,0.35237,0,-147.84,-13.267,291.32,1
-0.33172,-0.76606,0.55056,0,0.58641,0.28971,0.75644,0,-0.73898,0.57378,0.35312,0,-147.72,-13.876,291.29,1
-0.33047,-0.76684,0.55023,0,0.5864,0.28998,0.75634,0,-0.73954,0.5726,0.35384,0,-147.6,-14.462,291.27,1
-0.32924,-0.76759,0.54992,0,0.5864,0.29025,0.75623,0,-0.74009,0.57145,0.35455,0,-147.48,-15.027,291.25,1
-0.32803,-0.76831,0.54963,0,0.58642,0.29053,0.75611,0,-0.74062,0.57034,0.35525,0,-147.38,-15.568,291.23,1
-0.32684,-0.76901,0.54936,0,0.58643,0.29082,0.75599,0,-0.74113,0.56925,0.35593,0,-147.27,-16.088,291.21,1
-0.32567,-0.76968,0.54912,0,0.58646,0.29111,0.75586,0,-0.74162,0.56819,0.35659,0,-147.17,-16.584,291.2,1
-0.32451,-0.77033,0.54889,0,0.5865,0.29141,0.75571,0,-0.7421,0.56717,0.35723,0,-147.08,-17.058,291.2,1
-0.32338,-0.77095,0.54869,0,0.58654,0.29171,0.75556,0,-0.74256,0.56617,0.35786,0,-146.99,-17.509,291.19,1
-0.32228,-0.77154,0.54851,0,0.5866,0.29201,0.7554,0,-0.74299,0.5652,0.35847,0,-146.9,-17.937,291.2,1
-0.32119,-0.7721,0.54836,0,0.58666,0.29233,0.75523,0,-0.74342,0.56427,0.35907,0,-146.82,-18.342,291.2,1
-0.32013,-0.77264,0.54822,0,0.58673,0.29265,0.75505,0,-0.74382,0.56337,0.35965,0,-146.74,-18.724,291.21,1
-0.31908,-0.77315,0.54811,0,0.58681,0.29297,0.75487,0,-0.7442,0.5625,0.36021,0,-146.67,-19.082,291.23,1
-0.31807,-0.77363,0.54802,0,0.5869,0.2933,0.75467,0,-0.74457,0.56167,0.36076,0,-146.6,-19.416,291.25,1
-0.31707,-0.77409,0.54795,0,0.587,0.29363,0.75447,0,-0.74492,0.56087,0.36129,0,-146.54,-19.727,291.27,1
-0.3161,-0.77452,0.54791,0,0.5871,0.29396,0.75425,0,-0.74525,0.5601,0.3618,0,-146.48,-20.014,291.3,1
-0.31515,-0.77492,0.54789,0,0.58722,0.29431,0.75403,0,-0.74556,0.55936,0.36229,0,-146.42,-20.277,291.34,1
-0.31423,-0.77529,0.54789,0,0.58734,0.29465,0.7538,0,-0.74585,0.55866,0.36277,0,-146.37,-20.515,291.38,1
-0.31333,-0.77564,0.54792,0,0.58747,0.295,0.75356,0,-0.74612,0.558,0.36323,0,-146.32,-20.729,291.42,1
-0.31245,-0.77595,0.54797,0,0.58762,0.29536,0.75331,0,-0.74638,0.55737,0.36368,0,-146.28,-20.918,291.47,1
-0.31161,-0.77624,0.54804,0,0.58777,0.29572,0.75305,0,-0.74661,0.55678,0.3641,0,-146.24,-21.082,291.53,1
-0.31078,-0.7765,0.54814,0,0.58793,0.29608,0.75278,0,-0.74683,0.55622,0.36451,0,-146.21,-21.221,291.59,1
-0.30999,-0.77674,0.54826,0,0.5881,0.29645,0.7525,0,-0.74703,0.5557,0.3649,0,-146.18,-21.334,291.65,1
-0.30922,-0.77694,0.54841,0,0.58827,0.29682,0.75222,0,-0.74721,0.55521,0.36527,0,-146.16,-21.422,291.73,1
-0.30848,-0.77711,0.54858,0,0.58846,0.2972,0.75192,0,-0.74737,0.55477,0.36562,0,-146.14,-21.484,291.81,1
-0.30776,-0.77726,0.54877,0,0.58866,0.29758,0.75161,0,-0.74751,0.55436,0.36596,0,-146.12,-21.52,291.89,1
-0.30707,-0.77738,0.54899,0,0.58886,0.29797,0.7513,0,-0.74763,0.55399,0.36627,0,-146.11,-21.529,291.98,1
-0.30641,-0.77746,0.54924,0,0.58908,0.29836,0.75098,0,-0.74773,0.55365,0.36657,0,-146.1,-21.512,292.08,1
-0.30578,-0.77752,0.54951,0,0.58931,0.29876,0.75064,0,-0.74781,0.55336,0.36684,0,-146.1,-21.468,292.18,1
-0.30518,-0.77754,0.54981,0,0.58954,0.29916,0.7503,0,-0.74787,0.55311,0.3671,0,-146.1,-21.396,292.29,1
-0.3046,-0.77754,0.55014,0,0.58978,0.29957,0.74994,0,-0.74791,0.5529,0.36733,0,-146.11,-21.297,292.4,1
-0.30406,-0.7775,0.55049,0,0.59004,0.29998,0.74958,0,-0.74793,0.55273,0.36754,0,-146.12,-21.169,292.53,1
-0.30354,-0.77743,0.55087,0,0.5903,0.30039,0.74921,0,-0.74794,0.55259,0.36774,0,-146.14,-21.014,292.65,1
-0.30306,-0.77733,0.55128,0,0.59057,0.30082,0.74882,0,-0.74792,0.5525,0.36791,0,-146.16,-20.83,292.79,1
-0.3026,-0.7772,0.55172,0,0.59085,0.30124,0.74843,0,-0.74788,0.55246,0.36806,0,-146.19,-20.617,292.93,1
