0.78121,0.16605,0.60178,0,-0.035469,0.97422,-0.22278,0,-0.62326,0.15269,0.76696,0,-47.185,357.33,39.185,1
0.78079,0.16521,0.60255,0,-0.034815,0.97441,-0.22206,0,-0.62382,0.1524,0.76656,0,-47.23,357.33,39.135,1
0.78037,0.16436,0.60333,0,-0.034158,0.9746,-0.22132,0,-0.62439,0.1521,0.76616,0,-47.277,357.33,39.088,1
0.77994,0.16348,0.60413,0,-0.033498,0.9748,-0.22054,0,-0.62496,0.15177,0.76576,0,-47.324,357.33,39.043,1
0.7795,0.16259,0.60493,0,-0.032835,0.97501,-0.21974,0,-0.62554,0.15143,0.76536,0,-47.372,357.33,39.002,1
0.77906,0.16167,0.60574,0,-0.032171,0.97522,-0.21891,0,-0.62612,0.15105,0.76496,0,-47.421,357.32,38.963,1
0.77862,0.16073,0.60657,0,-0.031505,0.97543,-0.21804,0,-0.62671,0.15066,0.76455,0,-47.47,357.3,38.929,1
0.77816,0.15977,0.6074,0,-0.030838,0.97565,-0.21713,0,-0.6273,0.15024,0.76415,0,-47.52,357.28,38.898,1
0.77771,0.15879,0.60824,0,-0.030171,0.97588,-0.21619,0,-0.6279,0.14979,0.76374,0,-47.57,357.26,38.872,1
0.77725,0.15779,0.60909,0,-0.029504,0.97612,-0.21522,0,-0.62851,0.14931,0.76334,0,-47.621,357.23,38.85,1
0.77678,0.15676,0.60995,0,-0.028839,0.97636,-0.2142,0,-0.62911,0.1488,0.76294,0,-47.672,357.2,38.833,1
0.77631,0.15571,0.61082,0,-0.028175,0.97661,-0.21314,0,-0.62972,0.14826,0.76254,0,-47.722,357.16,38.822,1
0.77584,0.15463,0.61169,0,-0.027514,0.97687,-0.21205,0,-0.63033,0.14768,0.76215,0,-47.773,357.12,38.816,1
0.77536,0.15353,0.61257,0,-0.026856,0.97714,-0.2109,0,-0.63095,0.14707,0.76176,0,-47.824,357.07,38.816,1
0.77488,0.1524,0.61346,0,-0.026202,0.97741,-0.20971,0,-0.63156,0.14643,0.76137,0,-47.875,357.01,38.823,1
0.7744,0.15124,0.61435,0,-0.025553,0.97769,-0.20848,0,-0.63218,0.14575,0.76099,0,-47.925,356.95,38.836,1
0.77392,0.15006,0.61525,0,-0.024909,0.97798,-0.20719,0,-0.6328,0.14502,0.76061,0,-47.975,356.88,38.857,1
0.77343,0.14885,0.61616,0,-0.024271,0.97828,-0.20586,0,-0.63342,0.14426,0.76024,0,-48.025,356.8,38.885,1
0.77294,0.14761,0.61707,0,-0.023641,0.97859,-0.20447,0,-0.63403,0.14346,0.75988,0,-48.074,356.72,38.921,1
0.77246,0.14633,0.61798,0,-0.023017,0.9789,-0.20303,0,-0.63465,0.14261,0.75953,0,-48.123,356.62,38.965,1
0.77197,0.14503,0.61889,0,-0.022402,0.97923,-0.20153,0,-0.63526,0.14171,0.75918,0,-48.17,356.52,39.018,1
0.77148,0.1437,0.61981,0,-0.021796,0.97956,-0.19998,0,-0.63588,0.14077,0.75884,0,-48.217,356.41,39.079,1
0.771,0.14234,0.62073,0,-0.0212,0.9799,-0.19837,0,-0.63649,0.13978,0.75851,0,-48.263,356.3,39.15,1
0.77051,0.14094,0.62165,0,-0.020614,0.98025,-0.1967,0,-0.6371,0.13874,0.7582,0,-48.309,356.17,39.231,1
0.77002,0.13952,0.62257,0,-0.02004,0.98061,-0.19496,0,-0.6377,0.13765,0.75789,0,-48.353,356.04,39.321,1
0.76954,0.13805,0.6235,0,-0.019477,0.98097,-0.19317,0,-0.6383,0.13651,0.75759,0,-48.396,355.89,39.422,1
0.76906,0.13656,0.62442,0,-0.018926,0.98135,-0.19131,0,-0.6389,0.13531,0.7573,0,-48.437,355.74,39.533,1
0.76858,0.13503,0.62534,0,-0.018388,0.98173,-0.18938,0,-0.63949,0.13406,0.75702,0,-48.478,355.57,39.655,1
0.76811,0.13346,0.62626,0,-0.017864,0.98212,-0.18739,0,-0.64007,0.13275,0.75676,0,-48.517,355.4,39.789,1
0.76763,0.13186,0.62718,0,-0.017354,0.98252,-0.18533,0,-0.64065,0.13138,0.75651,0,-48.555,355.22,39.933,1
0.76716,0.13023,0.62809,0,-0.016858,0.98293,-0.1832,0,-0.64123,0.12996,0.75626,0,-48.591,355.02,40.089,1
0.7667,0.12855,0.62901,0,-0.016378,0.98335,-0.18101,0,-0.6418,0.12848,0.75603,0,-48.626,354.82,40.257,1
0.76624,0.12684,0.62991,0,-0.015913,0.98377,-0.17874,0,-0.64236,0.12693,0.75582,0,-48.66,354.6,40.438,1
0.76578,0.12509,0.63082,0,-0.015465,0.9842,-0.1764,0,-0.64292,0.12533,0.75561,0,-48.691,354.37,40.63,1
0.76533,0.12331,0.63172,0,-0.015033,0.98463,-0.17398,0,-0.64346,0.12366,0.75542,0,-48.721,354.13,40.835,1
0.76488,0.12149,0.63261,0,-0.014619,0.98508,-0.1715,0,-0.64401,0.12193,0.75524,0,-48.75,353.88,41.053,1
0.76444,0.11962,0.6335,0,-0.014222,0.98552,-0.16893,0,-0.64454,0.12013,0.75508,0,-48.776,353.61,41.284,1
0.764,0.11772,0.63438,0,-0.013844,0.98598,-0.1663,0,-0.64506,0.11827,0.75492,0,-48.801,353.34,41.528,1
0.76358,0.11578,0.63525,0,-0.013484,0.98644,-0.16358,0,-0.64558,0.11634,0.75478,0,-48.824,353.05,41.785,1
0.76315,0.1138,0.63612,0,-0.013143,0.9869,-0.16079,0,-0.64608,0.11435,0.75465,0,-48.845,352.74,42.056,1
0.76274,0.11178,0.63697,0,-0.012822,0.98737,-0.15792,0,-0.64658,0.11229,0.75454,0,-48.864,352.43,42.341,1
0.76233,0.10972,0.63782,0,-0.012521,0.98784,-0.15497,0,-0.64707,0.11015,0.75443,0,-48.881,352.1,42.639,1
0.76193,0.10762,0.63866,0,-0.012239,0.98831,-0.15195,0,-0.64755,0.10796,0.75434,0,-48.896,351.76,42.951,1
0.76154,0.10548,0.63948,0,-0.011979,0.98879,-0.14884,0,-0.64801,0.10569,0.75426,0,-48.909,351.4,43.277,1
0.76115,0.1033,0.6403,0,-0.011739,0.98927,-0.14565,0,-0.64847,0.10335,0.75419,0,-48.92,351.03,43.618,1
0.76077,0.10108,0.6411,0,-0.011521,0.98974,-0.14238,0,-0.64891,0.10094,0.75414,0,-48.929,350.64,43.972,1
0.76041,0.09882,0.64188,0,-0.011324,0.99022,-0.13903,0,-0.64935,0.098453,0.75409,0,-48.935,350.25,44.341,1
0.76005,0.096516,0.64266,0,-0.011148,0.9907,-0.1356,0,-0.64977,0.095899,0.75406,0,-48.94,349.83,44.725,1
0.7597,0.094172,0.64342,0,-0.010995,0.99118,-0.13209,0,-0.65018,0.093272,0.75403,0,-48.942,349.4,45.123,1
0.75936,0.091786,0.64416,0,-0.010865,0.99165,-0.12849,0,-0.65058,0.090572,0.75402,0,-48.941,348.96,45.535,1
0.75903,0.089359,0.64489,0,-0.010757,0.99212,-0.12481,0,-0.65096,0.0878,0.75401,0,-48.939,348.5,45.962,1
0.75871,0.086891,0.6456,0,-0.010672,0.99259,-0.12105,0,-0.65134,0.084953,0.75402,0,-48.934,348.02,46.404,1
0.75841,0.084382,0.6463,0,-0.010609,0.99305,-0.11721,0,-0.6517,0.082033,0.75403,0,-48.926,347.53,46.861,1
0.75811,0.081832,0.64697,0,-0.01057,0.99351,-0.11328,0,-0.65204,0.079039,0.75405,0,-48.916,347.02,47.332,1
0.75783,0.079242,0.64763,0,-0.010554,0.99396,-0.10927,0,-0.65237,0.07597,0.75408,0,-48.904,346.5,47.817,1
0.75755,0.07661,0.64826,0,-0.010562,0.9944,-0.10517,0,-0.65269,0.072827,0.75412,0,-48.889,345.96,48.318,1
0.75729,0.073938,0.64888,0,-0.010593,0.99483,-0.101,0,-0.65299,0.069609,0.75416,0,-48.871,345.4,48.833,1
0.75704,0.071225,0.64947,0,-0.010648,0.99525,-0.096735,0,-0.65328,0.066317,0.75421,0,-48.851,344.83,49.362,1
0.75681,0.068473,0.65004,0,-0.010726,0.99566,-0.092392,0,-0.65355,0.06295,0.75426,0,-48.828,344.24,49.906,1
0.75658,0.06568,0.65059,0,-0.010828,0.99606,-0.087965,0,-0.65381,0.059508,0.75432,0,-48.803,343.63,50.465,1
0.75637,0.062848,0.65111,0,-0.010954,0.99645,-0.083457,0,-0.65405,0.055992,0.75438,0,-48.775,343.01,51.038,1
0.75618,0.059977,0.65161,0,-0.011104,0.99682,-0.078866,0,-0.65427,0.052402,0.75444,0,-48.744,342.36,51.625,1
0.756,0.057067,0.65208,0,-0.011277,0.99718,-0.074194,0,-0.65448,0.048737,0.75451,0,-48.71,341.7,52.226,1
0.75583,0.054118,0.65253,0,-0.011474,0.99752,-0.06944,0,-0.65467,0.044997,0.75457,0,-48.673,341.02,52.842,1
0.75567,0.051131,0.65295,0,-0.011694,0.99784,-0.064605,0,-0.65484,0.041185,0.75464,0,-48.633,340.33,53.471,1
0.75553,0.048107,0.65334,0,-0.011938,0.99815,-0.05969,0,-0.655,0.037298,0.75471,0,-48.591,339.61,54.115,1
0.75541,0.045045,0.6537,0,-0.012205,0.99843,-0.054695,0,-0.65514,0.033339,0.75477,0,-48.545,338.88,54.772,1
0.7553,0.041947,0.65403,0,-0.012495,0.99869,-0.049621,0,-0.65526,0.029307,0.75484,0,-48.496,338.12,55.442,1
0.75521,0.038812,0.65433,0,-0.012809,0.99893,-0.044469,0,-0.65536,0.025202,0.7549,0,-48.445,337.35,56.126,1
0.75513,0.035643,0.6546,0,-0.013144,0.99914,-0.039239,0,-0.65544,0.021027,0.75495,0,-48.39,336.56,56.823,1
0.75507,0.032438,0.65484,0,-0.013503,0.99933,-0.033933,0,-0.6555,0.01678,0.75501,0,-48.332,335.75,57.533,1
0.75503,0.029199,0.65504,0,-0.013883,0.9995,-0.028551,0,-0.65555,0.012462,0.75505,0,-48.27,334.93,58.256,1
0.755,0.025926,0.65521,0,-0.014286,0.99963,-0.023093,0,-0.65557,0.0080752,0.75509,0,-48.206,334.08,58.991,1
0.75499,0.022621,0.65535,0,-0.01471,0.99974,-0.017562,0,-0.65557,0.0036193,0.75512,0,-48.138,333.21,59.739,1
0.75499,0.019283,0.65545,0,-0.015155,0.99981,-0.011958,0,-0.65556,-0.00090463,0.75514,0,-48.066,332.32,60.498,1
0.75502,0.015915,0.65551,0,-0.015621,0.99986,-0.006283,0,-0.65552,-0.0054957,0.75516,0,-47.991,331.42,61.27,1
0.75506,0.012515,0.65554,0,-0.016107,0.99987,-0.00053712,0,-0.65546,-0.010153,0.75516,0,-47.913,330.49,62.053,1
0.75512,0.0090862,0.65553,0,-0.016613,0.99985,0.0052778,0,-0.65538,-0.014876,0.75515,0,-47.831,329.55,62.847,1
0.75519,0.0056284,0.65548,0,-0.017138,0.99979,0.011161,0,-0.65528,-0.019662,0.75513,0,-47.745,328.58,63.652,1
0.75529,0.0021426,0.65539,0,-0.017683,0.9997,0.01711,0,-0.65516,-0.024512,0.7551,0,-47.656,327.6,64.467,1
0.7554,-0.0013702,0.65526,0,-0.018245,0.99957,0.023124,0,-0.65501,-0.029423,0.75505,0,-47.563,326.59,65.293,1
0.75553,-0.0049091,0.65509,0,-0.018826,0.9994,0.029201,0,-0.65484,-0.034395,0.75498,0,-47.466,325.57,66.129,1
0.75568,-0.008473,0.65488,0,-0.019423,0.99919,0.03534,0,-0.65465,-0.039426,0.7549,0,-47.365,324.52,66.974,1
0.75585,-0.012061,0.65463,0,-0.020037,0.99894,0.041539,0,-0.65444,-0.044514,0.7548,0,-47.261,323.46,67.829,1
0.75604,-0.015672,0.65434,0,-0.020666,0.99864,0.047797,0,-0.6542,-0.049659,0.75469,0,-47.152,322.37,68.693,1
0.75625,-0.019305,0.654,0,-0.021311,0.99831,0.054111,0,-0.65394,-0.054859,0.75455,0,-47.04,321.27,69.565,1
0.75647,-0.022959,0.65362,0,-0.02197,0.99793,0.06048,0,-0.65366,-0.060111,0.7544,0,-46.923,320.14,70.445,1
0.75672,-0.026633,0.6532,0,-0.022642,0.9975,0.066902,0,-0.65335,-0.065416,0.75422,0,-46.802,319,71.333,1
0.75698,-0.030326,0.65273,0,-0.023327,0.99703,0.073374,0,-0.65302,-0.070769,0.75403,0,-46.677,317.84,72.228,1
0.75726,-0.034036,0.65222,0,-0.024024,0.99651,0.079895,0,-0.65267,-0.076171,0.75381,0,-46.548,316.65,73.13,1
0.75757,-0.037762,0.65167,0,-0.024732,0.99595,0.086463,0,-0.65229,-0.081618,0.75356,0,-46.415,315.45,74.039,1
0.75789,-0.041504,0.65106,0,-0.02545,0.99533,0.093076,0,-0.65189,-0.08711,0.75329,0,-46.277,314.23,74.953,1
0.75823,-0.04526,0.65042,0,-0.026176,0.99467,0.09973,0,-0.65146,-0.092644,0.753,0,-46.135,312.99,75.873,1
0.75859,-0.049028,0.64972,0,-0.026911,0.99396,0.10642,0,-0.65102,-0.098217,0.75268,0,-45.988,311.73,76.799,1
0.75897,-0.052809,0.64899,0,-0.027653,0.99319,0.11316,0,-0.65054,-0.10383,0.75234,0,-45.837,310.45,77.729,1
0.75936,-0.056599,0.6482,0,-0.028401,0.99238,0.11992,0,-0.65005,-0.10948,0.75197,0,-45.682,309.15,78.663,1
0.75978,-0.060399,0.64737,0,-0.029154,0.99151,0.12672,0,-0.64953,-0.11516,0.75157,0,-45.521,307.84,79.6,1
0.76021,-0.064207,0.64649,0,-0.029911,0.99059,0.13355,0,-0.64898,-0.12087,0.75114,0,-45.357,306.5,80.541,1
0.76067,-0.068021,0.64557,0,-0.03067,0.98962,0.14041,0,-0.64842,-0.12661,0.75069,0,-45.188,305.15,81.485,1
0.76114,-0.071841,0.6446,0,-0.031431,0.98859,0.14729,0,-0.64783,-0.13237,0.7502,0,-45.014,303.78,82.431,1
0.76163,-0.075664,0.64358,0,-0.032192,0.98752,0.1542,0,-0.64721,-0.13816,0.74969,0,-44.835,302.39,83.379,1
0.76214,-0.079491,0.64252,0,-0.032953,0.98638,0.16112,0,-0.64658,-0.14397,0.74914,0,-44.652,300.99,84.327,1
0.76266,-0.083319,0.64141,0,-0.033711,0.9852,0.16806,0,-0.64592,-0.1498,0.74857,0,-44.465,299.57,85.277,1
0.7632,-0.087148,0.64025,0,-0.034466,0.98396,0.17502,0,-0.64524,-0.15564,0.74796,0,-44.272,298.13,86.227,1
0.76376,-0.090975,0.63905,0,-0.035216,0.98267,0.18198,0,-0.64454,-0.16149,0.74732,0,-44.075,296.68,87.176,1
0.76434,-0.094801,0.63781,0,-0.03596,0.98133,0.18895,0,-0.64381,-0.16736,0.74666,0,-43.873,295.21,88.124,1
0.76493,-0.098623,0.63652,0,-0.036697,0.97993,0.19593,0,-0.64307,-0.17323,0.74596,0,-43.667,293.73,89.071,1
0.76554,-0.10244,0.63518,0,-0.037425,0.97848,0.20291,0,-0.6423,-0.17911,0.74523,0,-43.456,292.23,90.016,1
0.76616,-0.10625,0.63381,0,-0.038143,0.97698,0.20989,0,-0.64152,-0.18498,0.74447,0,-43.241,290.72,90.959,1
0.7668,-0.11006,0.63239,0,-0.038851,0.97543,0.21687,0,-0.64071,-0.19086,0.74368,0,-43.021,289.19,91.899,1
0.76745,-0.11385,0.63092,0,-0.039546,0.97382,0.22384,0,-0.63989,-0.19673,0.74286,0,-42.796,287.65,92.835,1
0.76811,-0.11764,0.62942,0,-0.040228,0.97217,0.2308,0,-0.63905,-0.2026,0.742,0,-42.567,286.1,93.767,1
0.76879,-0.12142,0.62787,0,-0.040896,0.97047,0.23774,0,-0.63819,-0.20845,0.74112,0,-42.334,284.54,94.696,1
0.76948,-0.12518,0.62628,0,-0.041548,0.96871,0.24468,0,-0.63732,-0.2143,0.74021,0,-42.096,282.96,95.619,1
0.77019,-0.12894,0.62465,0,-0.042183,0.96691,0.2516,0,-0.63642,-0.22013,0.73926,0,-41.854,281.37,96.537,1
0.7709,-0.13268,0.62298,0,-0.042801,0.96506,0.2585,0,-0.63551,-0.22594,0.73829,0,-41.607,279.77,97.45,1
0.77163,-0.1364,0.62127,0,-0.0434,0.96317,0.26537,0,-0.63459,-0.23173,0.73729,0,-41.356,278.16,98.357,1
0.77237,-0.14012,0.61953,0,-0.04398,0.96123,0.27223,0,-0.63365,-0.23751,0.73626,0,-41.101,276.54,99.257,1
0.77312,-0.14381,0.61774,0,-0.044539,0.95924,0.27905,0,-0.6327,-0.24326,0.7352,0,-40.842,274.91,100.15,1
0.77388,-0.14749,0.61592,0,-0.045077,0.95721,0.28585,0,-0.63173,-0.24898,0.73412,0,-40.579,273.27,101.04,1
0.77465,-0.15115,0.61406,0,-0.045592,0.95514,0.29262,0,-0.63075,-0.25467,0.73301,0,-40.311,271.63,101.92,1
0.77543,-0.15479,0.61217,0,-0.046085,0.95303,0.29935,0,-0.62975,-0.26034,0.73187,0,-40.04,269.97,102.79,1
0.77621,-0.15841,0.61024,0,-0.046554,0.95088,0.30605,0,-0.62875,-0.26597,0.73071,0,-39.765,268.31,103.65,1
0.77701,-0.16202,0.60828,0,-0.046998,0.94868,0.31271,0,-0.62773,-0.27157,0.72952,0,-39.486,266.63,104.5,1
0.77781,-0.1656,0.60629,0,-0.047417,0.94645,0.31934,0,-0.62671,-0.27713,0.72831,0,-39.204,264.96,105.35,1
0.77862,-0.16916,0.60426,0,-0.04781,0.94419,0.32592,0,-0.62567,-0.28266,0.72708,0,-38.918,263.27,106.18,1
0.77944,-0.17269,0.60221,0,-0.048176,0.94189,0.33246,0,-0.62462,-0.28814,0.72582,0,-38.629,261.58,107.01,1
0.78026,-0.17621,0.60012,0,-0.048515,0.93955,0.33895,0,-0.62357,-0.29359,0.72455,0,-38.336,259.89,107.83,1
0.78109,-0.1797,0.598,0,-0.048826,0.93719,0.3454,0,-0.62251,-0.29898,0.72325,0,-38.04,258.18,108.64,1
0.78192,-0.18317,0.59586,0,-0.049109,0.93479,0.3518,0,-0.62144,-0.30434,0.72194,0,-37.741,256.48,109.43,1
0.78276,-0.18661,0.59369,0,-0.049363,0.93236,0.35815,0,-0.62036,-0.30965,0.7206,0,-37.438,254.77,110.22,1
0.7836,-0.19003,0.59149,0,-0.049587,0.9299,0.36444,0,-0.61928,-0.31491,0.71925,0,-37.133,253.06,110.99,1
0.78445,-0.19342,0.58926,0,-0.049782,0.92742,0.37069,0,-0.6182,-0.32012,0.71789,0,-36.825,251.34,111.76,1
0.78529,-0.19678,0.58702,0,-0.049946,0.92492,0.37687,0,-0.6171,-0.32528,0.7165,0,-36.515,249.62,112.51,1
0.78614,-0.20012,0.58475,0,-0.05008,0.92239,0.38301,0,-0.61601,-0.33038,0.71511,0,-36.201,247.9,113.25,1
0.787,-0.20344,0.58245,0,-0.050183,0.91983,0.38908,0,-0.61491,-0.33544,0.7137,0,-35.886,246.18,113.98,1
0.78785,-0.20672,0.58014,0,-0.050255,0.91726,0.3951,0,-0.61381,-0.34043,0.71228,0,-35.568,244.46,114.7,1
0.7887,-0.20998,0.5778,0,-0.050295,0.91467,0.40106,0,-0.61271,-0.34538,0.71084,0,-35.248,242.74,115.41,1
0.78956,-0.21321,0.57545,0,-0.050304,0.91206,0.40695,0,-0.61161,-0.35026,0.7094,0,-34.926,241.01,116.1,1
0.79041,-0.21641,0.57307,0,-0.05028,0.90944,0.41279,0,-0.61051,-0.35509,0.70795,0,-34.602,239.29,116.78,1
0.79127,-0.21959,0.57068,0,-0.050224,0.9068,0.41856,0,-0.6094,-0.35985,0.70649,0,-34.276,237.57,117.45,1
0.79212,-0.22273,0.56828,0,-0.050137,0.90415,0.42426,0,-0.6083,-0.36456,0.70503,0,-33.949,235.85,118.11,1
0.79297,-0.22585,0.56585,0,-0.050016,0.90149,0.4299,0,-0.6072,-0.3692,0.70356,0,-33.621,234.13,118.76,1
0.79382,-0.22894,0.56342,0,-0.049863,0.89882,0.43548,0,-0.60611,-0.37378,0.70208,0,-33.291,232.41,119.39,1
0.79467,-0.232,0.56097,0,-0.049678,0.89614,0.44098,0,-0.60501,-0.3783,0.70061,0,-32.96,230.69,120.01,1
0.79551,-0.23502,0.5585,0,-0.04946,0.89345,0.44642,0,-0.60392,-0.38276,0.69913,0,-32.628,228.98,120.62,1
0.79635,-0.23803,0.55603,0,-0.049209,0.89076,0.45179,0,-0.60283,-0.38715,0.69765,0,-32.295,227.27,121.21,1
0.79719,-0.241,0.55355,0,-0.048926,0.88807,0.4571,0,-0.60175,-0.39147,0.69617,0,-31.962,225.57,121.79,1
0.79802,-0.24394,0.55106,0,-0.048611,0.88538,0.46233,0,-0.60067,-0.39573,0.69469,0,-31.628,223.87,122.36,1
0.79884,-0.24685,0.54856,0,-0.048263,0.88268,0.46749,0,-0.5996,-0.39993,0.69321,0,-31.293,222.17,122.92,1
0.79967,-0.24973,0.54605,0,-0.047883,0.87999,0.47258,0,-0.59853,-0.40405,0.69174,0,-30.959,220.48,123.46,1
0.80048,-0.25259,0.54353,0,-0.047471,0.8773,0.4776,0,-0.59747,-0.40811,0.69027,0,-30.624,218.8,123.99,1
0.80129,-0.25541,0.54102,0,-0.047026,0.87461,0.48255,0,-0.59642,-0.4121,0.68881,0,-30.29,217.12,124.51,1
0.8021,-0.2582,0.53849,0,-0.04655,0.87193,0.48742,0,-0.59538,-0.41602,0.68735,0,-29.956,215.44,125.02,1
0.80289,-0.26097,0.53597,0,-0.046043,0.86925,0.49222,0,-0.59434,-0.41988,0.6859,0,-29.622,213.78,125.51,1
0.80368,-0.2637,0.53344,0,-0.045504,0.86658,0.49695,0,-0.59332,-0.42366,0.68446,0,-29.289,212.12,125.99,1
0.80446,-0.26641,0.53091,0,-0.044934,0.86393,0.50161,0,-0.5923,-0.42738,0.68303,0,-28.957,210.47,126.45,1
0.80524,-0.26909,0.52838,0,-0.044334,0.86128,0.50619,0,-0.59129,-0.43103,0.68161,0,-28.625,208.82,126.91,1
0.80601,-0.27174,0.52585,0,-0.043703,0.85865,0.5107,0,-0.59029,-0.43461,0.6802,0,-28.295,207.19,127.35,1
0.80676,-0.27436,0.52332,0,-0.043042,0.85603,0.51514,0,-0.5893,-0.43812,0.6788,0,-27.965,205.56,127.78,1
0.80751,-0.27695,0.52079,0,-0.042351,0.85342,0.5195,0,-0.58833,-0.44156,0.67742,0,-27.637,203.94,128.19,1
0.80825,-0.27951,0.51827,0,-0.041631,0.85083,0.52379,0,-0.58736,-0.44493,0.67605,0,-27.311,202.33,128.59,1
0.80898,-0.28204,0.51575,0,-0.040882,0.84826,0.52801,0,-0.58641,-0.44823,0.6747,0,-26.986,200.73,128.99,1
0.80971,-0.28455,0.51323,0,-0.040104,0.8457,0.53215,0,-0.58546,-0.45147,0.67336,0,-26.663,199.14,129.36,1
0.81042,-0.28703,0.51072,0,-0.039298,0.84316,0.53622,0,-0.58453,-0.45463,0.67204,0,-26.342,197.56,129.73,1
0.81112,-0.28948,0.50822,0,-0.038465,0.84065,0.54021,0,-0.58362,-0.45773,0.67073,0,-26.023,195.98,130.09,1
0.81181,-0.2919,0.50573,0,-0.037605,0.83815,0.54414,0,-0.58271,-0.46075,0.66944,0,-25.706,194.42,130.43,1
0.81249,-0.29429,0.50324,0,-0.036718,0.83568,0.54799,0,-0.58182,-0.46371,0.66818,0,-25.392,192.87,130.76,1
0.81316,-0.29666,0.50076,0,-0.035804,0.83323,0.55177,0,-0.58094,-0.4666,0.66693,0,-25.08,191.34,131.08,1
0.81382,-0.299,0.49829,0,-0.034865,0.8308,0.55547,0,-0.58007,-0.46943,0.6657,0,-24.77,189.81,131.39,1
0.81447,-0.30132,0.49583,0,-0.033901,0.8284,0.55911,0,-0.57922,-0.47218,0.66449,0,-24.464,188.29,131.68,1
0.8151,-0.30361,0.49339,0,-0.032913,0.82603,0.56267,0,-0.57838,-0.47487,0.6633,0,-24.16,186.79,131.97,1
0.81573,-0.30587,0.49095,0,-0.031901,0.82368,0.56616,0,-0.57755,-0.4775,0.66214,0,-23.859,185.3,132.24,1
0.81634,-0.3081,0.48853,0,-0.030865,0.82135,0.56958,0,-0.57674,-0.48005,0.661,0,-23.561,183.82,132.51,1
0.81695,-0.31031,0.48611,0,-0.029806,0.81906,0.57294,0,-0.57594,-0.48255,0.65988,0,-23.266,182.35,132.76,1
0.81754,-0.31249,0.48372,0,-0.028726,0.81679,0.57622,0,-0.57516,-0.48498,0.65878,0,-22.974,180.9,133,1
0.81812,-0.31465,0.48133,0,-0.027624,0.81455,0.57943,0,-0.57439,-0.48734,0.65771,0,-22.686,179.45,133.23,1
0.81868,-0.31678,0.47896,0,-0.026501,0.81234,0.58258,0,-0.57363,-0.48964,0.65666,0,-22.401,178.02,133.46,1
0.81924,-0.31889,0.47661,0,-0.025359,0.81016,0.58566,0,-0.57289,-0.49188,0.65563,0,-22.12,176.61,133.67,1
0.81978,-0.32098,0.47427,0,-0.024196,0.80801,0.58867,0,-0.57217,-0.49405,0.65463,0,-21.842,175.21,133.87,1
0.82031,-0.32303,0.47195,0,-0.023016,0.8059,0.59161,0,-0.57145,-0.49617,0.65365,0,-21.568,173.82,134.06,1
0.82083,-0.32507,0.46965,0,-0.021817,0.80381,0.59449,0,-0.57075,-0.49822,0.6527,0,-21.298,172.44,134.24,1
0.82134,-0.32708,0.46736,0,-0.020601,0.80175,0.5973,0,-0.57007,-0.50022,0.65177,0,-21.031,171.08,134.41,1
0.82184,-0.32906,0.46509,0,-0.019368,0.79973,0.60005,0,-0.5694,-0.50215,0.65087,0,-20.769,169.73,134.58,1
0.82232,-0.33102,0.46284,0,-0.01812,0.79773,0.60274,0,-0.56874,-0.50403,0.64999,0,-20.51,168.4,134.73,1
0.82279,-0.33296,0.4606,0,-0.016857,0.79577,0.60536,0,-0.56809,-0.50585,0.64914,0,-20.255,167.08,134.88,1
0.82325,-0.33487,0.45839,0,-0.015579,0.79385,0.60792,0,-0.56746,-0.50761,0.64832,0,-20.005,165.77,135.02,1
0.8237,-0.33676,0.45619,0,-0.014289,0.79195,0.61042,0,-0.56685,-0.50932,0.64752,0,-19.758,164.48,135.15,1
0.82414,-0.33863,0.45401,0,-0.012985,0.79008,0.61286,0,-0.56624,-0.51098,0.64674,0,-19.515,163.2,135.27,1
0.82456,-0.34047,0.45186,0,-0.011671,0.78825,0.61524,0,-0.56565,-0.51258,0.64599,0,-19.277,161.93,135.38,1
0.82498,-0.34229,0.44972,0,-0.010345,0.78645,0.61756,0,-0.56507,-0.51413,0.64527,0,-19.043,160.68,135.48,1
0.82538,-0.34409,0.44761,0,-0.0090093,0.78469,0.61983,0,-0.56451,-0.51563,0.64456,0,-18.812,159.45,135.58,1
0.82577,-0.34586,0.44551,0,-0.0076646,0.78295,0.62204,0,-0.56395,-0.51707,0.64389,0,-18.586,158.23,135.67,1
0.82615,-0.34761,0.44343,0,-0.0063118,0.78125,0.62419,0,-0.56341,-0.51847,0.64324,0,-18.364,157.02,135.75,1
0.82652,-0.34934,0.44138,0,-0.0049518,0.77958,0.62629,0,-0.56288,-0.51983,0.64261,0,-18.147,155.83,135.83,1
0.82688,-0.35105,0.43935,0,-0.0035852,0.77794,0.62833,0,-0.56236,-0.52113,0.64201,0,-17.933,154.65,135.9,1
0.82724,-0.35273,0.43734,0,-0.0022132,0.77633,0.63032,0,-0.56185,-0.52239,0.64143,0,-17.723,153.48,135.96,1
0.82757,-0.35439,0.43535,0,-0.00083629,0.77475,0.63226,0,-0.56135,-0.52361,0.64087,0,-17.518,152.33,136.02,1
0.8279,-0.35603,0.43338,0,0.00054455,0.77321,0.63415,0,-0.56087,-0.52478,0.64033,0,-17.317,151.2,136.07,1
0.82823,-0.35764,0.43144,0,0.0019286,0.77169,0.63599,0,-0.56039,-0.52591,0.63982,0,-17.12,150.08,136.11,1
0.82854,-0.35923,0.42951,0,0.003315,0.77021,0.63779,0,-0.55993,-0.527,0.63934,0,-16.927,148.97,136.15,1
0.82884,-0.3608,0.42761,0,0.0047032,0.76875,0.63953,0,-0.55947,-0.52805,0.63887,0,-16.738,147.88,136.18,1
0.82913,-0.36235,0.42573,0,0.0060924,0.76733,0.64122,0,-0.55902,-0.52906,0.63842,0,-16.553,146.8,136.21,1
0.82941,-0.36387,0.42388,0,0.0074818,0.76594,0.64287,0,-0.55859,-0.53003,0.638,0,-16.372,145.73,136.23,1
0.82969,-0.36538,0.42205,0,0.0088708,0.76458,0.64447,0,-0.55816,-0.53097,0.6376,0,-16.195,144.69,136.25,1
0.82995,-0.36686,0.42024,0,0.010259,0.76324,0.64603,0,-0.55774,-0.53186,0.63722,0,-16.022,143.65,136.26,1
0.83021,-0.36831,0.41845,0,0.011645,0.76194,0.64754,0,-0.55733,-0.53272,0.63686,0,-15.853,142.63,136.26,1
0.83046,-0.36975,0.41669,0,0.013029,0.76067,0.64901,0,-0.55693,-0.53355,0.63652,0,-15.688,141.62,136.27,1
0.8307,-0.37116,0.41495,0,0.01441,0.75942,0.65044,0,-0.55654,-0.53434,0.6362,0,-15.527,140.63,136.26,1
0.83093,-0.37255,0.41324,0,0.015787,0.75821,0.65182,0,-0.55616,-0.53509,0.6359,0,-15.37,139.66,136.26,1
0.83115,-0.37392,0.41154,0,0.017161,0.75702,0.65316,0,-0.55578,-0.53581,0.63562,0,-15.217,138.69,136.25,1
0.83137,-0.37527,0.40988,0,0.018529,0.75587,0.65446,0,-0.55541,-0.5365,0.63536,0,-15.067,137.75,136.23,1
0.83158,-0.3766,0.40824,0,0.019893,0.75474,0.65572,0,-0.55505,-0.53716,0.63512,0,-14.921,136.82,136.21,1
0.83178,-0.3779,0.40662,0,0.02125,0.75364,0.65694,0,-0.5547,-0.53779,0.63489,0,-14.779,135.9,136.19,1
0.83197,-0.37918,0.40503,0,0.022602,0.75257,0.65812,0,-0.55436,-0.53838,0.63469,0,-14.641,134.99,136.17,1
0.83216,-0.38044,0.40346,0,0.023946,0.75153,0.65926,0,-0.55402,-0.53895,0.6345,0,-14.506,134.11,136.14,1
0.83234,-0.38168,0.40192,0,0.025284,0.75052,0.66037,0,-0.55369,-0.53948,0.63433,0,-14.375,133.23,136.11,1
0.83251,-0.3829,0.4004,0,0.026614,0.74953,0.66143,0,-0.55337,-0.53999,0.63418,0,-14.248,132.38,136.07,1
0.83267,-0.38409,0.39891,0,0.027935,0.74858,0.66246,0,-0.55306,-0.54047,0.63405,0,-14.124,131.53,136.04,1
0.83283,-0.38527,0.39744,0,0.029248,0.74765,0.66345,0,-0.55275,-0.54092,0.63393,0,-14.004,130.7,136,1
0.83298,-0.38642,0.396,0,0.030552,0.74675,0.66441,0,-0.55245,-0.54134,0.63383,0,-13.887,129.89,135.96,1
0.83313,-0.38755,0.39459,0,0.031847,0.74587,0.66532,0,-0.55216,-0.54174,0.63375,0,-13.774,129.09,135.91,1
0.83327,-0.38866,0.3932,0,0.033132,0.74503,0.66621,0,-0.55187,-0.5421,0.63369,0,-13.664,128.31,135.87,1
0.8334,-0.38975,0.39184,0,0.034406,0.74421,0.66706,0,-0.55159,-0.54245,0.63364,0,-13.557,127.55,135.82,1
0.83353,-0.39081,0.3905,0,0.03567,0.74342,0.66787,0,-0.55132,-0.54276,0.63361,0,-13.454,126.79,135.77,1
0.83365,-0.39186,0.3892,0,0.036923,0.74266,0.66865,0,-0.55106,-0.54305,0.63359,0,-13.354,126.06,135.72,1
0.83377,-0.39288,0.38791,0,0.038165,0.74193,0.6694,0,-0.5508,-0.54331,0.63359,0,-13.258,125.34,135.67,1
0.83388,-0.39388,0.38666,0,0.039396,0.74122,0.67011,0,-0.55054,-0.54355,0.6336,0,-13.165,124.63,135.61,1
0.83398,-0.39487,0.38543,0,0.040615,0.74054,0.67079,0,-0.5503,-0.54377,0.63363,0,-13.075,123.95,135.56,1
0.83408,-0.39583,0.38423,0,0.041821,0.73989,0.67143,0,-0.55006,-0.54396,0.63368,0,-12.988,123.27,135.5,1
0.83417,-0.39677,0.38306,0,0.043015,0.73926,0.67204,0,-0.54983,-0.54412,0.63374,0,-12.904,122.62,135.45,1
0.83426,-0.39769,0.38192,0,0.044197,0.73866,0.67262,0,-0.5496,-0.54426,0.63381,0,-12.823,121.98,135.39,1
0.83434,-0.39859,0.3808,0,0.045365,0.73809,0.67317,0,-0.54938,-0.54438,0.6339,0,-12.746,121.35,135.33,1
0.83442,-0.39946,0.37971,0,0.04652,0.73755,0.67369,0,-0.54917,-0.54447,0.63401,0,-12.671,120.74,135.28,1
0.83449,-0.40032,0.37865,0,0.047662,0.73703,0.67417,0,-0.54896,-0.54454,0.63413,0,-12.599,120.15,135.22,1
0.83455,-0.40116,0.37762,0,0.048791,0.73655,0.67463,0,-0.54876,-0.54459,0.63426,0,-12.531,119.58,135.16,1
0.83461,-0.40197,0.37662,0,0.049905,0.73609,0.67505,0,-0.54857,-0.54461,0.63441,0,-12.465,119.02,135.1,1
0.83467,-0.40277,0.37564,0,0.051006,0.73565,0.67544,0,-0.54839,-0.54461,0.63457,0,-12.402,118.48,135.04,1
0.83472,-0.40354,0.3747,0,0.052092,0.73525,0.6758,0,-0.54821,-0.54458,0.63475,0,-12.342,117.95,134.98,1
0.83477,-0.40429,0.37378,0,0.053164,0.73487,0.67612,0,-0.54803,-0.54453,0.63494,0,-12.285,117.44,134.93,1
0.83481,-0.40503,0.3729,0,0.054221,0.73452,0.67642,0,-0.54787,-0.54446,0.63514,0,-12.231,116.95,134.87,1
0.83484,-0.40574,0.37204,0,0.055264,0.73419,0.67669,0,-0.54771,-0.54437,0.63536,0,-12.179,116.48,134.81,1
0.83487,-0.40643,0.37121,0,0.056292,0.7339,0.67692,0,-0.54756,-0.54425,0.63559,0,-12.131,116.02,134.76,1
0.8349,-0.40711,0.37042,0,0.057305,0.73363,0.67713,0,-0.54741,-0.54411,0.63584,0,-12.085,115.58,134.7,1
0.83492,-0.40776,0.36965,0,0.058303,0.73339,0.67731,0,-0.54727,-0.54394,0.63609,0,-12.041,115.16,134.65,1
0.83494,-0.40839,0.36891,0,0.059286,0.73318,0.67745,0,-0.54714,-0.54376,0.63637,0,-12,114.75,134.6,1
0.83495,-0.409,0.36821,0,0.060254,0.73299,0.67756,0,-0.54702,-0.54355,0.63665,0,-11.962,114.37,134.55,1
0.83496,-0.40959,0.36753,0,0.061206,0.73284,0.67765,0,-0.5469,-0.54331,0.63696,0,-11.927,114,134.5,1
0.83496,-0.41016,0.36689,0,0.062144,0.73271,0.6777,0,-0.54679,-0.54305,0.63727,0,-11.894,113.65,134.45,1
0.83496,-0.41071,0.36628,0,0.063065,0.73261,0.67772,0,-0.54669,-0.54277,0.6376,0,-11.864,113.32,134.4,1
0.83495,-0.41125,0.3657,0,0.063971,0.73254,0.67771,0,-0.5466,-0.54246,0.63794,0,-11.836,113,134.36,1
0.83494,-0.41176,0.36515,0,0.064862,0.73249,0.67768,0,-0.54651,-0.54213,0.63829,0,-11.811,112.71,134.32,1
0.83492,-0.41225,0.36463,0,0.065737,0.73248,0.67761,0,-0.54643,-0.54178,0.63866,0,-11.788,112.43,134.28,1
0.8349,-0.41272,0.36415,0,0.066597,0.7325,0.67751,0,-0.54636,-0.5414,0.63905,0,-11.768,112.17,134.24,1
0.83487,-0.41317,0.3637,0,0.067441,0.73254,0.67737,0,-0.5463,-0.54099,0.63944,0,-11.75,111.93,134.2,1
0.83484,-0.4136,0.36328,0,0.06827,0.73262,0.67721,0,-0.54624,-0.54056,0.63985,0,-11.735,111.71,134.17,1
0.83481,-0.41401,0.36289,0,0.069083,0.73272,0.67702,0,-0.54619,-0.54011,0.64028,0,-11.722,111.51,134.14,1
0.83476,-0.41441,0.36254,0,0.06988,0.73285,0.67679,0,-0.54615,-0.53963,0.64072,0,-11.711,111.33,134.11,1
0.83472,-0.41478,0.36222,0,0.070662,0.73302,0.67653,0,-0.54612,-0.53912,0.64117,0,-11.703,111.17,134.08,1
0.83467,-0.41513,0.36194,0,0.071429,0.73321,0.67624,0,-0.5461,-0.53858,0.64164,0,-11.698,111.03,134.05,1
0.83461,-0.41546,0.36168,0,0.07218,0.73343,0.67592,0,-0.54609,-0.53802,0.64212,0,-11.695,110.91,134.03,1
0.83455,-0.41577,0.36147,0,0.072916,0.73369,0.67556,0,-0.54608,-0.53744,0.64262,0,-11.694,110.81,134.01,1
0.83449,-0.41606,0.36128,0,0.073637,0.73397,0.67518,0,-0.54609,-0.53682,0.64313,0,-11.695,110.73,134,1
0.83441,-0.41634,0.36113,0,0.074343,0.73429,0.67476,0,-0.5461,-0.53618,0.64365,0,-11.699,110.67,133.98,1
0.83434,-0.41659,0.36102,0,0.075033,0.73463,0.6743,0,-0.54612,-0.53551,0.64419,0,-11.705,110.63,133.97,1
0.83426,-0.41682,0.36094,0,0.075709,0.73501,0.67381,0,-0.54615,-0.53481,0.64475,0,-11.714,110.62,133.96,1
0.83417,-0.41703,0.3609,0,0.076369,0.73542,0.67329,0,-0.54619,-0.53408,0.64532,0,-11.725,110.62,133.96,1
0.83408,-0.41722,0.36089,0,0.077015,0.73586,0.67273,0,-0.54625,-0.53332,0.6459,0,-11.738,110.65,133.96,1
