-0.43255,-0.16138,0.88705,0,0.81465,0.3516,0.46121,0,-0.38632,0.92213,-0.020618,0,-181.14,357.8,284.59,1
-0.43273,-0.16225,0.8868,0,0.81402,0.35244,0.4617,0,-0.38746,0.92166,-0.020432,0,-181.54,357.94,284.23,1
-0.43289,-0.16307,0.88657,0,0.81339,0.3533,0.46214,0,-0.38859,0.92119,-0.020299,0,-181.93,358.11,283.87,1
-0.43303,-0.16383,0.88636,0,0.81277,0.3542,0.46255,0,-0.38973,0.92071,-0.020221,0,-182.3,358.31,283.5,1
-0.43315,-0.16453,0.88618,0,0.81216,0.35513,0.46291,0,-0.39087,0.92022,-0.020196,0,-182.66,358.54,283.12,1
-0.43325,-0.16517,0.88601,0,0.81156,0.35608,0.46322,0,-0.39201,0.91974,-0.020225,0,-183.02,358.81,282.74,1
-0.43332,-0.16575,0.88587,0,0.81097,0.35707,0.46349,0,-0.39314,0.91925,-0.020308,0,-183.35,359.11,282.35,1
-0.43337,-0.16626,0.88575,0,0.8104,0.35808,0.46372,0,-0.39427,0.91877,-0.020445,0,-183.67,359.44,281.96,1
-0.43339,-0.16671,0.88565,0,0.80984,0.35912,0.46389,0,-0.39539,0.91828,-0.020636,0,-183.98,359.8,281.57,1
-0.43339,-0.16709,0.88558,0,0.80929,0.36019,0.46401,0,-0.39651,0.91779,-0.020881,0,-184.27,360.19,281.17,1
-0.43336,-0.1674,0.88554,0,0.80877,0.36128,0.46408,0,-0.39762,0.91731,-0.021179,0,-184.54,360.61,280.78,1
-0.4333,-0.16764,0.88552,0,0.80826,0.3624,0.4641,0,-0.39871,0.91682,-0.021531,0,-184.79,361.06,280.38,1
-0.43321,-0.16781,0.88553,0,0.80777,0.36353,0.46406,0,-0.39979,0.91634,-0.021935,0,-185.02,361.54,279.99,1
-0.4331,-0.16791,0.88557,0,0.8073,0.36469,0.46397,0,-0.40086,0.91586,-0.022392,0,-185.23,362.05,279.59,1
-0.43295,-0.16794,0.88564,0,0.80686,0.36587,0.46381,0,-0.40192,0.91539,-0.022902,0,-185.41,362.59,279.2,1
-0.43277,-0.16789,0.88573,0,0.80644,0.36706,0.4636,0,-0.40295,0.91492,-0.023463,0,-185.57,363.16,278.82,1
-0.43256,-0.16776,0.88586,0,0.80604,0.36827,0.46332,0,-0.40397,0.91446,-0.024076,0,-185.71,363.76,278.44,1
-0.43231,-0.16756,0.88602,0,0.80568,0.3695,0.46299,0,-0.40496,0.914,-0.02474,0,-185.81,364.38,278.06,1
-0.43203,-0.16728,0.88621,0,0.80534,0.37074,0.46258,0,-0.40593,0.91355,-0.025454,0,-185.89,365.04,277.69,1
-0.43171,-0.16692,0.88643,0,0.80503,0.37198,0.46212,0,-0.40687,0.91311,-0.026218,0,-185.94,365.72,277.33,1
-0.43136,-0.16647,0.88669,0,0.80476,0.37324,0.46158,0,-0.40779,0.91267,-0.027031,0,-185.96,366.42,276.98,1
-0.43097,-0.16595,0.88697,0,0.80451,0.37451,0.46098,0,-0.40868,0.91225,-0.027893,0,-185.95,367.15,276.64,1
-0.43054,-0.16534,0.8873,0,0.80431,0.37578,0.4603,0,-0.40954,0.91184,-0.028804,0,-185.91,367.91,276.32,1
-0.43008,-0.16465,0.88765,0,0.80413,0.37706,0.45956,0,-0.41037,0.91143,-0.029762,0,-185.83,368.69,276,1
-0.42957,-0.16388,0.88804,0,0.804,0.37834,0.45874,0,-0.41116,0.91104,-0.030767,0,-185.72,369.5,275.7,1
-0.42903,-0.16302,0.88846,0,0.8039,0.37962,0.45785,0,-0.41192,0.91066,-0.031819,0,-185.57,370.33,275.41,1
-0.42844,-0.16207,0.88892,0,0.80384,0.38091,0.45688,0,-0.41264,0.9103,-0.032916,0,-185.38,371.18,275.13,1
-0.42781,-0.16104,0.88941,0,0.80383,0.38219,0.45584,0,-0.41333,0.90995,-0.034059,0,-185.16,372.06,274.87,1
-0.42714,-0.15991,0.88993,0,0.80385,0.38346,0.45473,0,-0.41397,0.90961,-0.035246,0,-184.89,372.96,274.63,1
-0.42642,-0.1587,0.89049,0,0.80392,0.38473,0.45353,0,-0.41458,0.90928,-0.036477,0,-184.59,373.89,274.41,1
-0.42567,-0.1574,0.89109,0,0.80403,0.38599,0.45226,0,-0.41514,0.90897,-0.037752,0,-184.24,374.83,274.2,1
-0.42486,-0.15601,0.89171,0,0.80419,0.38725,0.45091,0,-0.41566,0.90868,-0.039069,0,-183.86,375.8,274.01,1
-0.42401,-0.15452,0.89238,0,0.80439,0.38849,0.44948,0,-0.41613,0.9084,-0.040429,0,-183.42,376.79,273.84,1
-0.42312,-0.15295,0.89307,0,0.80464,0.38972,0.44797,0,-0.41657,0.90814,-0.04183,0,-182.95,377.8,273.7,1
-0.42218,-0.15128,0.8938,0,0.80493,0.39094,0.44637,0,-0.41695,0.9079,-0.043272,0,-182.43,378.82,273.57,1
-0.42119,-0.14953,0.89456,0,0.80528,0.39214,0.4447,0,-0.41729,0.90767,-0.044755,0,-181.86,379.87,273.46,1
-0.42015,-0.14768,0.89536,0,0.80567,0.39332,0.44294,0,-0.41757,0.90746,-0.046277,0,-181.25,380.94,273.38,1
-0.41907,-0.14573,0.89618,0,0.80611,0.39448,0.4411,0,-0.41781,0.90727,-0.047838,0,-180.59,382.03,273.32,1
-0.41793,-0.1437,0.89704,0,0.8066,0.39562,0.43917,0,-0.418,0.9071,-0.049437,0,-179.88,383.13,273.28,1
-0.41675,-0.14157,0.89793,0,0.80715,0.39674,0.43716,0,-0.41814,0.90695,-0.051075,0,-179.12,384.26,273.26,1
-0.41551,-0.13935,0.89885,0,0.80774,0.39784,0.43507,0,-0.41822,0.90681,-0.052749,0,-178.32,385.4,273.27,1
-0.41423,-0.13703,0.8998,0,0.80838,0.3989,0.43289,0,-0.41825,0.9067,-0.054461,0,-177.46,386.55,273.3,1
-0.41289,-0.13462,0.90078,0,0.80908,0.39994,0.43063,0,-0.41823,0.9066,-0.056208,0,-176.55,387.73,273.36,1
-0.4115,-0.13212,0.90178,0,0.80983,0.40095,0.42828,0,-0.41815,0.90652,-0.057991,0,-175.58,388.91,273.45,1
-0.41005,-0.12953,0.90282,0,0.81063,0.40192,0.42584,0,-0.41802,0.90647,-0.059809,0,-174.57,390.12,273.56,1
-0.40855,-0.12684,0.90388,0,0.81148,0.40286,0.42332,0,-0.41784,0.90643,-0.061661,0,-173.5,391.34,273.69,1
-0.407,-0.12406,0.90496,0,0.81239,0.40377,0.42071,0,-0.41759,0.90641,-0.063547,0,-172.37,392.57,273.85,1
-0.40539,-0.12119,0.90608,0,0.81334,0.40464,0.41802,0,-0.41729,0.90641,-0.065466,0,-171.19,393.81,274.04,1
-0.40372,-0.11823,0.90721,0,0.81435,0.40547,0.41524,0,-0.41694,0.90643,-0.067418,0,-169.96,395.07,274.25,1
-0.402,-0.11517,0.90837,0,0.81542,0.40626,0.41238,0,-0.41652,0.90647,-0.069402,0,-168.67,396.34,274.49,1
-0.40022,-0.11203,0.90954,0,0.81653,0.407,0.40942,0,-0.41605,0.90653,-0.071417,0,-167.32,397.62,274.76,1
-0.39839,-0.10879,0.91074,0,0.8177,0.4077,0.40639,0,-0.41552,0.90661,-0.073464,0,-165.91,398.92,275.06,1
-0.39649,-0.10547,0.91196,0,0.81892,0.40836,0.40326,0,-0.41494,0.90671,-0.075542,0,-164.44,400.22,275.38,1
-0.39454,-0.10205,0.9132,0,0.82019,0.40896,0.40005,0,-0.41429,0.90683,-0.077649,0,-162.92,401.53,275.73,1
-0.39252,-0.098549,0.91445,0,0.82151,0.40952,0.39676,0,-0.41359,0.90696,-0.079787,0,-161.34,402.85,276.1,1
-0.39044,-0.094959,0.91572,0,0.82288,0.41003,0.39338,0,-0.41282,0.90712,-0.081953,0,-159.69,404.18,276.5,1
-0.38831,-0.091283,0.917,0,0.8243,0.41048,0.38992,0,-0.412,0.90729,-0.084148,0,-157.99,405.52,276.93,1
-0.38611,-0.087521,0.91829,0,0.82577,0.41088,0.38637,0,-0.41112,0.90748,-0.086372,0,-156.22,406.86,277.39,1
-0.38385,-0.083674,0.9196,0,0.82729,0.41122,0.38273,0,-0.41018,0.90769,-0.088623,0,-154.4,408.21,277.87,1
-0.38152,-0.079744,0.92091,0,0.82886,0.41151,0.37902,0,-0.40919,0.90791,-0.090902,0,-152.51,409.57,278.38,1
-0.37913,-0.075732,0.92224,0,0.83047,0.41173,0.37522,0,-0.40813,0.90815,-0.093207,0,-150.56,410.92,278.91,1
-0.37668,-0.071639,0.92357,0,0.83214,0.4119,0.37134,0,-0.40702,0.90841,-0.095539,0,-148.55,412.29,279.48,1
-0.37416,-0.067466,0.92491,0,0.83384,0.412,0.36737,0,-0.40584,0.90868,-0.097897,0,-146.47,413.65,280.06,1
-0.37158,-0.063215,0.92625,0,0.83559,0.41204,0.36333,0,-0.40462,0.90897,-0.10028,0,-144.34,415.01,280.67,1
-0.36893,-0.058886,0.92759,0,0.83739,0.41201,0.35921,0,-0.40333,0.90927,-0.10269,0,-142.13,416.38,281.31,1
-0.36621,-0.054482,0.92894,0,0.83923,0.41192,0.355,0,-0.40198,0.90959,-0.10512,0,-139.87,417.75,281.97,1
-0.36342,-0.050003,0.93028,0,0.8411,0.41175,0.35072,0,-0.40058,0.90992,-0.10758,0,-137.54,419.11,282.66,1
-0.36057,-0.045453,0.93162,0,0.84302,0.41152,0.34636,0,-0.39913,0.91027,-0.11007,0,-135.15,420.47,283.37,1
-0.35765,-0.040831,0.93296,0,0.84498,0.41122,0.34192,0,-0.39762,0.91062,-0.11257,0,-132.69,421.83,284.1,1
-0.35466,-0.03614,0.9343,0,0.84697,0.41085,0.3374,0,-0.39605,0.91099,-0.1151,0,-130.17,423.19,284.85,1
-0.3516,-0.031381,0.93562,0,0.849,0.4104,0.33281,0,-0.39443,0.91136,-0.11766,0,-127.59,424.53,285.63,1
-0.34847,-0.026557,0.93694,0,0.85107,0.40988,0.32815,0,-0.39275,0.91175,-0.12023,0,-124.94,425.88,286.43,1
-0.34527,-0.021668,0.93825,0,0.85316,0.40929,0.32341,0,-0.39102,0.91215,-0.12283,0,-122.22,427.21,287.25,1
-0.342,-0.016718,0.93955,0,0.85529,0.40862,0.3186,0,-0.38924,0.91255,-0.12545,0,-119.45,428.54,288.09,1
-0.33866,-0.011707,0.94084,0,0.85745,0.40787,0.31372,0,-0.38741,0.91297,-0.12809,0,-116.61,429.86,288.95,1
-0.33525,-0.0066389,0.94211,0,0.85964,0.40704,0.30877,0,-0.38553,0.91338,-0.13075,0,-113.7,431.16,289.83,1
-0.33176,-0.0015143,0.94336,0,0.86185,0.40614,0.30375,0,-0.3836,0.91381,-0.13344,0,-110.73,432.46,290.73,1
-0.32821,0.0036644,0.9446,0,0.86409,0.40515,0.29866,0,-0.38161,0.91424,-0.13614,0,-107.7,433.74,291.64,1
-0.32458,0.0088949,0.94582,0,0.86635,0.40409,0.29351,0,-0.37958,0.91468,-0.13886,0,-104.61,435.01,292.58,1
-0.32088,0.014175,0.94702,0,0.86864,0.40294,0.28829,0,-0.37751,0.91512,-0.14161,0,-101.45,436.26,293.52,1
-0.3171,0.019503,0.94819,0,0.87094,0.40172,0.283,0,-0.37538,0.91556,-0.14437,0,-98.231,437.5,294.49,1
-0.31326,0.024876,0.94934,0,0.87326,0.40041,0.27766,0,-0.37322,0.916,-0.14715,0,-94.95,438.72,295.46,1
-0.30934,0.030293,0.95047,0,0.87559,0.39901,0.27225,0,-0.371,0.91644,-0.14995,0,-91.607,439.92,296.46,1
-0.30535,0.03575,0.95157,0,0.87794,0.39754,0.26679,0,-0.36875,0.91689,-0.15277,0,-88.205,441.1,297.46,1
-0.30128,0.041245,0.95264,0,0.88031,0.39598,0.26126,0,-0.36645,0.91733,-0.15561,0,-84.742,442.26,298.48,1
-0.29715,0.046777,0.95369,0,0.88268,0.39434,0.25568,0,-0.36412,0.91777,-0.15847,0,-81.22,443.4,299.5,1
-0.29294,0.052343,0.9547,0,0.88506,0.39262,0.25004,0,-0.36174,0.91821,-0.16134,0,-77.639,444.52,300.54,1
-0.28866,0.05794,0.95568,0,0.88745,0.39081,0.24435,0,-0.35933,0.91865,-0.16423,0,-74.001,445.61,301.58,1
-0.2843,0.063566,0.95662,0,0.88984,0.38892,0.23861,0,-0.35688,0.91908,-0.16713,0,-70.306,446.67,302.64,1
-0.27988,0.069218,0.95754,0,0.89223,0.38694,0.23282,0,-0.35439,0.9195,-0.17006,0,-66.554,447.71,303.7,1
-0.27538,0.074895,0.95841,0,0.89462,0.38488,0.22698,0,-0.35187,0.91992,-0.17299,0,-62.748,448.72,304.77,1
-0.27082,0.080594,0.95925,0,0.89701,0.38274,0.22109,0,-0.34932,0.92033,-0.17595,0,-58.888,449.7,305.84,1
-0.26618,0.086312,0.96005,0,0.8994,0.38051,0.21516,0,-0.34674,0.92074,-0.17891,0,-54.975,450.65,306.92,1
-0.26147,0.092047,0.96081,0,0.90178,0.37821,0.20918,0,-0.34413,0.92113,-0.1819,0,-51.011,451.57,308,1
-0.2567,0.097796,0.96153,0,0.90415,0.37582,0.20316,0,-0.34149,0.92152,-0.18489,0,-46.996,452.46,309.08,1
-0.25185,0.10356,0.96221,0,0.90651,0.37334,0.19709,0,-0.33882,0.92189,-0.1879,0,-42.932,453.31,310.17,1
-0.24694,0.10933,0.96284,0,0.90886,0.37079,0.19099,0,-0.33613,0.92226,-0.19093,0,-38.82,454.13,311.25,1
-0.24196,0.11511,0.96343,0,0.9112,0.36816,0.18486,0,-0.33342,0.92261,-0.19397,0,-34.661,454.92,312.34,1
-0.23691,0.12089,0.96398,0,0.91352,0.36545,0.17868,0,-0.33068,0.92295,-0.19702,0,-30.458,455.66,313.42,1
-0.2318,0.12668,0.96448,0,0.91582,0.36266,0.17247,0,-0.32793,0.92327,-0.20008,0,-26.212,456.38,314.5,1
-0.22662,0.13246,0.96493,0,0.91811,0.35979,0.16623,0,-0.32515,0.92358,-0.20315,0,-21.923,457.05,315.58,1
-0.22138,0.13825,0.96534,0,0.92037,0.35684,0.15997,0,-0.32236,0.92388,-0.20624,0,-17.595,457.68,316.65,1
-0.21608,0.14403,0.96569,0,0.9226,0.35382,0.15367,0,-0.31955,0.92416,-0.20933,0,-13.229,458.28,317.71,1
-0.21071,0.1498,0.966,0,0.92481,0.35073,0.14734,0,-0.31673,0.92442,-0.21244,0,-8.8253,458.83,318.77,1
-0.20529,0.15556,0.96626,0,0.927,0.34756,0.14099,0,-0.3139,0.92466,-0.21555,0,-4.3873,459.35,319.83,1
-0.1998,0.16131,0.96647,0,0.92915,0.34432,0.13462,0,-0.31106,0.92489,-0.21868,0,0.083588,459.82,320.87,1
-0.19426,0.16705,0.96662,0,0.93127,0.34101,0.12822,0,-0.30821,0.9251,-0.22182,0,4.5854,460.25,321.91,1
-0.18866,0.17278,0.96672,0,0.93337,0.33763,0.12181,0,-0.30535,0.92529,-0.22496,0,9.1163,460.64,322.93,1
-0.183,0.17848,0.96677,0,0.93542,0.33418,0.11537,0,-0.30248,0.92546,-0.22811,0,13.674,460.98,323.95,1
-0.1773,0.18417,0.96677,0,0.93744,0.33067,0.10892,0,-0.29962,0.9256,-0.23127,0,18.258,461.29,324.95,1
-0.17153,0.18984,0.96672,0,0.93942,0.32709,0.10246,0,-0.29675,0.92573,-0.23444,0,22.865,461.54,325.94,1
-0.16572,0.19548,0.96661,0,0.94137,0.32344,0.09598,0,-0.29388,0.92584,-0.23762,0,27.493,461.76,326.91,1
-0.15985,0.20109,0.96644,0,0.94327,0.31974,0.089489,0,-0.29101,0.92592,-0.2408,0,32.141,461.93,327.88,1
-0.15394,0.20668,0.96622,0,0.94513,0.31598,0.082987,0,-0.28815,0.92598,-0.24398,0,36.807,462.05,328.82,1
-0.14798,0.21224,0.96595,0,0.94695,0.31215,0.076476,0,-0.28529,0.92602,-0.24718,0,41.488,462.13,329.75,1
-0.14197,0.21778,0.96562,0,0.94872,0.30827,0.069957,0,-0.28244,0.92604,-0.25037,0,46.184,462.16,330.67,1
-0.13591,0.22327,0.96523,0,0.95045,0.30434,0.06343,0,-0.2796,0.92603,-0.25357,0,50.892,462.15,331.57,1
-0.12981,0.22874,0.96479,0,0.95213,0.30035,0.056899,0,-0.27676,0.926,-0.25678,0,55.61,462.09,332.45,1
-0.12367,0.23417,0.9643,0,0.95376,0.29631,0.050362,0,-0.27394,0.92594,-0.25998,0,60.337,461.99,333.32,1
-0.11748,0.23956,0.96375,0,0.95535,0.29222,0.043823,0,-0.27113,0.92586,-0.26319,0,65.07,461.84,334.17,1
-0.11126,0.24491,0.96314,0,0.95688,0.28808,0.037282,0,-0.26833,0.92576,-0.2664,0,69.809,461.65,335,1
-0.10499,0.25022,0.96248,0,0.95836,0.2839,0.030739,0,-0.26555,0.92563,-0.26961,0,74.551,461.41,335.81,1
-0.098692,0.25549,0.96176,0,0.95979,0.27967,0.024197,0,-0.26279,0.92548,-0.27282,0,79.294,461.13,336.6,1
-0.092353,0.26072,0.96099,0,0.96117,0.27539,0.017655,0,-0.26005,0.9253,-0.27603,0,84.037,460.8,337.37,1
-0.085979,0.2659,0.96016,0,0.96249,0.27108,0.011116,0,-0.25732,0.9251,-0.27924,0,88.778,460.42,338.13,1
-0.079571,0.27104,0.95927,0,0.96376,0.26673,0.0045799,0,-0.25462,0.92488,-0.28244,0,93.516,460,338.86,1
-0.073129,0.27613,0.95833,0,0.96497,0.26233,-0.0019524,0,-0.25194,0.92463,-0.28565,0,98.249,459.54,339.57,1
-0.066657,0.28118,0.95734,0,0.96613,0.25791,-0.00848,0,-0.24929,0.92435,-0.28884,0,102.97,459.04,340.26,1
-0.060154,0.28617,0.95629,0,0.96723,0.25345,-0.015002,0,-0.24666,0.92405,-0.29204,0,107.69,458.49,340.94,1
-0.053622,0.29111,0.95518,0,0.96828,0.24895,-0.021518,0,-0.24406,0.92373,-0.29523,0,112.4,457.89,341.59,1
-0.047062,0.29601,0.95403,0,0.96926,0.24443,-0.028026,0,-0.24149,0.92338,-0.29841,0,117.1,457.26,342.22,1
-0.040476,0.30085,0.95281,0,0.97019,0.23988,-0.034527,0,-0.23895,0.92301,-0.30159,0,121.78,456.58,342.82,1
-0.033864,0.30564,0.95155,0,0.97106,0.2353,-0.041019,0,-0.23643,0.92262,-0.30476,0,126.45,455.86,343.41,1
-0.027229,0.31037,0.95023,0,0.97187,0.23069,-0.047501,0,-0.23395,0.9222,-0.30792,0,131.1,455.1,343.98,1
-0.020571,0.31505,0.94885,0,0.97262,0.22607,-0.053974,0,-0.23151,0.92176,-0.31107,0,135.74,454.3,344.52,1
-0.013892,0.31967,0.94743,0,0.9733,0.22142,-0.060436,0,-0.2291,0.9213,-0.31421,0,140.36,453.46,345.05,1
-0.0071924,0.32424,0.94595,0,0.97393,0.21675,-0.066887,0,-0.22672,0.92081,-0.31734,0,144.95,452.59,345.55,1
-0.00047401,0.32874,0.94442,0,0.9745,0.21206,-0.073327,0,-0.22438,0.9203,-0.32046,0,149.53,451.67,346.03,1
0.006262,0.33319,0.94284,0,0.97501,0.20736,-0.079754,0,-0.22208,0.91977,-0.32357,0,154.09,450.72,346.49,1
0.013015,0.33759,0.9412,0,0.97546,0.20264,-0.086169,0,-0.21981,0.91922,-0.32666,0,158.62,449.73,346.92,1
0.019782,0.34192,0.93952,0,0.97584,0.1979,-0.09257,0,-0.21759,0.91865,-0.32974,0,163.13,448.7,347.34,1
0.026564,0.34619,0.93779,0,0.97616,0.19316,-0.098958,0,-0.2154,0.91806,-0.33281,0,167.61,447.64,347.73,1
0.033359,0.35041,0.936,0,0.97643,0.18841,-0.10533,0,-0.21326,0.91745,-0.33586,0,172.07,446.55,348.1,1
0.040165,0.35456,0.93417,0,0.97663,0.18365,-0.11169,0,-0.21116,0.91682,-0.33889,0,176.5,445.42,348.45,1
0.046982,0.35865,0.93229,0,0.97677,0.17888,-0.11804,0,-0.2091,0.91617,-0.34191,0,180.9,444.26,348.78,1
0.053808,0.36268,0.93036,0,0.97684,0.1741,-0.12436,0,-0.20708,0.91551,-0.34491,0,185.27,443.07,349.09,1
0.060642,0.36664,0.92838,0,0.97686,0.16932,-0.13068,0,-0.20511,0.91482,-0.34789,0,189.61,441.85,349.38,1
0.067483,0.37055,0.92636,0,0.97681,0.16454,-0.13698,0,-0.20318,0.91412,-0.35085,0,193.92,440.6,349.64,1
0.07433,0.37439,0.92429,0,0.9767,0.15976,-0.14326,0,-0.2013,0.91341,-0.35379,0,198.2,439.32,349.89,1
0.081182,0.37816,0.92217,0,0.97654,0.15498,-0.14952,0,-0.19947,0.91267,-0.35671,0,202.45,438.02,350.11,1
0.088038,0.38188,0.92001,0,0.97631,0.15021,-0.15577,0,-0.19768,0.91192,-0.35961,0,206.66,436.69,350.32,1
0.094896,0.38553,0.9178,0,0.97601,0.14543,-0.162,0,-0.19593,0.91116,-0.36248,0,210.84,435.33,350.5,1
0.10176,0.38912,0.91555,0,0.97566,0.14066,-0.16822,0,-0.19424,0.91039,-0.36533,0,214.99,433.95,350.66,1
0.10862,0.39264,0.91326,0,0.97525,0.1359,-0.17442,0,-0.19259,0.9096,-0.36816,0,219.1,432.55,350.8,1
0.11548,0.3961,0.91092,0,0.97478,0.13114,-0.1806,0,-0.19099,0.90879,-0.37096,0,223.18,431.12,350.92,1
0.12233,0.39949,0.90854,0,0.97424,0.12639,-0.18676,0,-0.18944,0.90798,-0.37374,0,227.23,429.68,351.02,1
0.12919,0.40282,0.90611,0,0.97365,0.12165,-0.1929,0,-0.18794,0.90716,-0.37649,0,231.23,428.21,351.1,1
0.13604,0.40609,0.90365,0,0.97299,0.11692,-0.19903,0,-0.18648,0.90632,-0.37922,0,235.2,426.73,351.16,1
0.14289,0.40929,0.90114,0,0.97228,0.11221,-0.20513,0,-0.18508,0.90548,-0.38191,0,239.14,425.23,351.2,1
0.14973,0.41243,0.8986,0,0.97151,0.1075,-0.21122,0,-0.18372,0.90462,-0.38458,0,243.04,423.71,351.22,1
0.15657,0.4155,0.89602,0,0.97068,0.10282,-0.21729,0,-0.18241,0.90376,-0.38722,0,246.9,422.18,351.22,1
0.1634,0.41851,0.89339,0,0.96979,0.098143,-0.22335,0,-0.18115,0.90289,-0.38983,0,250.73,420.63,351.2,1
0.17022,0.42146,0.89073,0,0.96884,0.093485,-0.22938,0,-0.17994,0.90202,-0.39241,0,254.51,419.07,351.17,1
0.17703,0.42434,0.88803,0,0.96783,0.088845,-0.23539,0,-0.17878,0.90113,-0.39496,0,258.27,417.49,351.11,1
0.18383,0.42716,0.88529,0,0.96677,0.084223,-0.24139,0,-0.17767,0.90025,-0.39748,0,261.98,415.91,351.03,1
0.19062,0.42991,0.88252,0,0.96565,0.07962,-0.24736,0,-0.17661,0.89935,-0.39996,0,265.66,414.31,350.94,1
0.1974,0.4326,0.87971,0,0.96447,0.075037,-0.25332,0,-0.1756,0.89846,-0.40241,0,269.3,412.71,350.82,1
0.20417,0.43522,0.87687,0,0.96323,0.070474,-0.25926,0,-0.17463,0.89756,-0.40483,0,272.9,411.1,350.69,1
0.21093,0.43779,0.87399,0,0.96194,0.065933,-0.26518,0,-0.17372,0.89666,-0.40722,0,276.47,409.48,350.54,1
0.21767,0.44029,0.87107,0,0.9606,0.061414,-0.27108,0,-0.17285,0.89575,-0.40957,0,280,407.86,350.36,1
0.22439,0.44272,0.86813,0,0.95919,0.056919,-0.27696,0,-0.17203,0.89485,-0.41188,0,283.5,406.23,350.18,1
0.2311,0.4451,0.86515,0,0.95774,0.052447,-0.28282,0,-0.17126,0.89395,-0.41416,0,286.96,404.59,349.97,1
0.2378,0.44741,0.86214,0,0.95623,0.048,-0.28866,0,-0.17053,0.89304,-0.41641,0,290.38,402.95,349.74,1
0.24448,0.44966,0.85909,0,0.95466,0.043578,-0.29449,0,-0.16985,0.89214,-0.41862,0,293.77,401.32,349.5,1
0.25114,0.45184,0.85602,0,0.95304,0.039182,-0.30029,0,-0.16922,0.89124,-0.42079,0,297.12,399.67,349.23,1
0.25778,0.45397,0.85291,0,0.95137,0.034812,-0.30607,0,-0.16864,0.89034,-0.42292,0,300.44,398.03,348.95,1
0.26441,0.45603,0.84978,0,0.94965,0.030469,-0.31184,0,-0.1681,0.88944,-0.42501,0,303.73,396.39,348.65,1
0.27102,0.45803,0.84661,0,0.94787,0.026154,-0.31758,0,-0.1676,0.88855,-0.42707,0,306.98,394.75,348.34,1
0.2776,0.45998,0.84342,0,0.94604,0.021867,-0.3233,0,-0.16715,0.88766,-0.42909,0,310.2,393.12,348,1
0.28417,0.46186,0.8402,0,0.94416,0.017608,-0.32901,0,-0.16675,0.88678,-0.43106,0,313.38,391.48,347.65,1
0.29071,0.46368,0.83695,0,0.94223,0.013379,-0.3347,0,-0.16639,0.8859,-0.433,0,316.53,389.85,347.28,1
0.29724,0.46544,0.83368,0,0.94025,0.0091796,-0.34036,0,-0.16607,0.88503,-0.4349,0,319.66,388.22,346.89,1
0.30374,0.46714,0.83038,0,0.93822,0.0050103,-0.34601,0,-0.16579,0.88417,-0.43676,0,322.75,386.6,346.48,1
0.31022,0.46878,0.82705,0,0.93614,0.00087163,-0.35163,0,-0.16556,0.88331,-0.43857,0,325.81,384.98,346.06,1
0.31668,0.47036,0.8237,0,0.93401,-0.003236,-0.35724,0,-0.16537,0.88247,-0.44035,0,328.84,383.37,345.62,1
0.32311,0.47189,0.82032,0,0.93183,-0.0073121,-0.36283,0,-0.16521,0.88163,-0.44208,0,331.84,381.77,345.16,1
0.32952,0.47335,0.81692,0,0.9296,-0.011356,-0.36839,0,-0.1651,0.8808,-0.44377,0,334.81,380.18,344.68,1
0.33591,0.47476,0.81349,0,0.92732,-0.015368,-0.37394,0,-0.16503,0.87998,-0.44542,0,337.75,378.59,344.18,1
0.34227,0.47611,0.81005,0,0.925,-0.019348,-0.37947,0,-0.165,0.87917,-0.44702,0,340.67,377.01,343.67,1
0.3486,0.4774,0.80658,0,0.92263,-0.023294,-0.38498,0,-0.165,0.87838,-0.44858,0,343.56,375.44,343.14,1
0.35491,0.47863,0.80308,0,0.92022,-0.027206,-0.39046,0,-0.16504,0.87759,-0.4501,0,346.43,373.88,342.59,1
0.3612,0.47981,0.79957,0,0.91775,-0.031085,-0.39593,0,-0.16512,0.87682,-0.45158,0,349.27,372.33,342.02,1
0.36745,0.48093,0.79604,0,0.91525,-0.03493,-0.40138,0,-0.16523,0.87606,-0.45301,0,352.08,370.79,341.44,1
0.37369,0.482,0.79249,0,0.91269,-0.03874,-0.4068,0,-0.16538,0.87531,-0.4544,0,354.88,369.27,340.84,1
0.37989,0.48301,0.78891,0,0.9101,-0.042515,-0.41221,0,-0.16556,0.87458,-0.45574,0,357.65,367.75,340.22,1
0.38606,0.48397,0.78532,0,0.90745,-0.046255,-0.4176,0,-0.16578,0.87386,-0.45703,0,360.39,366.24,339.58,1
0.39221,0.48487,0.78171,0,0.90477,-0.049959,-0.42296,0,-0.16603,0.87316,-0.45829,0,363.12,364.75,338.92,1
0.39833,0.48571,0.77809,0,0.90204,-0.053627,-0.42831,0,-0.16631,0.87247,-0.45949,0,365.83,363.27,338.25,1
0.40442,0.48651,0.77444,0,0.89927,-0.057259,-0.43363,0,-0.16662,0.8718,-0.46066,0,368.51,361.8,337.55,1
0.41048,0.48724,0.77078,0,0.89645,-0.060855,-0.43894,0,-0.16696,0.87114,-0.46177,0,371.18,360.35,336.84,1
0.41651,0.48793,0.7671,0,0.8936,-0.064414,-0.44422,0,-0.16734,0.8705,-0.46284,0,373.83,358.91,336.11,1
0.42251,0.48857,0.76341,0,0.8907,-0.067936,-0.44948,0,-0.16774,0.86988,-0.46387,0,376.46,357.48,335.36,1
0.42848,0.48915,0.7597,0,0.88776,-0.071421,-0.45473,0,-0.16817,0.86927,-0.46485,0,379.08,356.07,334.6,1
0.43442,0.48968,0.75597,0,0.88478,-0.074869,-0.45995,0,-0.16863,0.86868,-0.46579,0,381.68,354.67,333.81,1
0.44033,0.49017,0.75223,0,0.88177,-0.078279,-0.46515,0,-0.16912,0.86811,-0.46668,0,384.26,353.28,333,1
0.4462,0.4906,0.74847,0,0.87871,-0.081651,-0.47032,0,-0.16963,0.86755,-0.46753,0,386.83,351.91,332.18,1
0.45205,0.49099,0.7447,0,0.87561,-0.084986,-0.47548,0,-0.17017,0.86701,-0.46833,0,389.38,350.56,331.34,1
0.45786,0.49133,0.74092,0,0.87248,-0.088282,-0.48062,0,-0.17073,0.86649,-0.46909,0,391.92,349.22,330.47,1
0.46364,0.49162,0.73712,0,0.8693,-0.09154,-0.48573,0,-0.17132,0.86598,-0.46981,0,394.45,347.9,329.59,1
0.46939,0.49187,0.73331,0,0.86609,-0.09476,-0.49082,0,-0.17193,0.8655,-0.47048,0,396.96,346.59,328.69,1
0.4751,0.49207,0.72948,0,0.86284,-0.097941,-0.49589,0,-0.17257,0.86503,-0.47111,0,399.47,345.3,327.77,1
0.48078,0.49223,0.72564,0,0.85956,-0.10108,-0.50094,0,-0.17323,0.86457,-0.4717,0,401.96,344.03,326.83,1
0.48643,0.49235,0.72179,0,0.85623,-0.10419,-0.50597,0,-0.17391,0.86414,-0.47225,0,404.44,342.78,325.86,1
0.49205,0.49243,0.71792,0,0.85288,-0.10725,-0.51098,0,-0.17462,0.86372,-0.47275,0,406.91,341.54,324.88,1
0.49762,0.49246,0.71404,0,0.84948,-0.11028,-0.51596,0,-0.17535,0.86332,-0.47322,0,409.37,340.32,323.88,1
0.50317,0.49246,0.71015,0,0.84606,-0.11327,-0.52092,0,-0.1761,0.86293,-0.47364,0,411.83,339.12,322.85,1
0.50868,0.49241,0.70624,0,0.84259,-0.11621,-0.52586,0,-0.17687,0.86257,-0.47402,0,414.27,337.94,321.81,1
0.51415,0.49233,0.70232,0,0.8391,-0.11912,-0.53078,0,-0.17766,0.86222,-0.47436,0,416.71,336.77,320.74,1
0.51959,0.49222,0.69839,0,0.83557,-0.12199,-0.53567,0,-0.17847,0.86188,-0.47467,0,419.14,335.63,319.66,1
0.525,0.49207,0.69444,0,0.832,-0.12483,-0.54054,0,-0.1793,0.86156,-0.47493,0,421.56,334.5,318.55,1
0.53036,0.49188,0.69048,0,0.82841,-0.12762,-0.54539,0,-0.18015,0.86126,-0.47516,0,423.98,333.4,317.42,1
0.5357,0.49167,0.68651,0,0.82478,-0.13037,-0.55022,0,-0.18102,0.86097,-0.47535,0,426.39,332.31,316.26,1
0.54099,0.49142,0.68252,0,0.82112,-0.13308,-0.55503,0,-0.18192,0.8607,-0.47551,0,428.8,331.25,315.09,1
0.54625,0.49114,0.67852,0,0.81743,-0.13576,-0.55981,0,-0.18283,0.86044,-0.47563,0,431.2,330.2,313.89,1
0.55147,0.49083,0.67451,0,0.8137,-0.13839,-0.56456,0,-0.18376,0.86019,-0.47571,0,433.59,329.18,312.67,1
0.55665,0.4905,0.67048,0,0.80995,-0.14099,-0.5693,0,-0.18471,0.85996,-0.47576,0,435.98,328.18,311.42,1
0.5618,0.49014,0.66644,0,0.80617,-0.14355,-0.57401,0,-0.18568,0.85974,-0.47578,0,438.37,327.2,310.15,1
0.56691,0.48975,0.66239,0,0.80235,-0.14606,-0.5787,0,-0.18667,0.85954,-0.47576,0,440.76,326.24,308.86,1
0.57198,0.48934,0.65832,0,0.79851,-0.14854,-0.58337,0,-0.18768,0.85935,-0.47571,0,443.14,325.3,307.55,1
0.57701,0.48891,0.65424,0,0.79464,-0.15098,-0.58801,0,-0.18871,0.85917,-0.47563,0,445.52,324.39,306.21,1
0.582,0.48846,0.65014,0,0.79074,-0.15339,-0.59263,0,-0.18975,0.859,-0.47551,0,447.9,323.5,304.84,1
0.58696,0.48799,0.64602,0,0.78681,-0.15575,-0.59722,0,-0.19082,0.85884,-0.47537,0,450.28,322.64,303.45,1
0.59187,0.4875,0.64189,0,0.78285,-0.15807,-0.6018,0,-0.19191,0.85869,-0.4752,0,452.65,321.8,302.04,1
0.59675,0.487,0.63775,0,0.77887,-0.16036,-0.60634,0,-0.19302,0.85856,-0.475,0,455.02,320.98,300.6,1
0.60159,0.48648,0.63359,0,0.77485,-0.1626,-0.61087,0,-0.19415,0.85843,-0.47477,0,457.4,320.19,299.13,1
0.60638,0.48595,0.62941,0,0.77082,-0.16481,-0.61537,0,-0.1953,0.85831,-0.47452,0,459.77,319.42,297.64,1
0.61114,0.48541,0.62521,0,0.76675,-0.16698,-0.61985,0,-0.19648,0.85819,-0.47423,0,462.14,318.68,296.12,1
0.61585,0.48485,0.621,0,0.76266,-0.16911,-0.6243,0,-0.19767,0.85809,-0.47393,0,464.51,317.96,294.57,1
0.62052,0.48429,0.61677,0,0.75855,-0.17121,-0.62873,0,-0.19889,0.85799,-0.4736,0,466.88,317.27,293,1
0.62516,0.48373,0.61253,0,0.7544,-0.17326,-0.63313,0,-0.20014,0.8579,-0.47324,0,469.25,316.61,291.4,1
0.62975,0.48315,0.60826,0,0.75024,-0.17528,-0.63751,0,-0.2014,0.85781,-0.47286,0,471.62,315.98,289.77,1
0.6343,0.48258,0.60398,0,0.74605,-0.17726,-0.64187,0,-0.20269,0.85773,-0.47246,0,473.99,315.37,288.11,1
0.6388,0.482,0.59967,0,0.74183,-0.1792,-0.6462,0,-0.20401,0.85765,-0.47204,0,476.36,314.79,286.42,1
0.64326,0.48142,0.59535,0,0.73759,-0.1811,-0.65051,0,-0.20535,0.85757,-0.47159,0,478.74,314.24,284.71,1
0.64768,0.48085,0.59101,0,0.73333,-0.18297,-0.65479,0,-0.20672,0.8575,-0.47113,0,481.11,313.72,282.96,1
0.65206,0.48028,0.58665,0,0.72905,-0.1848,-0.65905,0,-0.20811,0.85743,-0.47064,0,483.48,313.23,281.19,1
0.65639,0.47971,0.58226,0,0.72474,-0.18659,-0.66328,0,-0.20953,0.85736,-0.47014,0,485.86,312.77,279.38,1
0.66068,0.47915,0.57786,0,0.72041,-0.18835,-0.66749,0,-0.21099,0.85729,-0.46962,0,488.23,312.35,277.55,1
0.66492,0.4786,0.57343,0,0.71605,-0.19007,-0.67167,0,-0.21247,0.85722,-0.46908,0,490.61,311.95,275.68,1
0.66912,0.47806,0.56898,0,0.71168,-0.19175,-0.67583,0,-0.21398,0.85714,-0.46853,0,492.99,311.58,273.78,1
0.67327,0.47753,0.56451,0,0.70728,-0.1934,-0.67996,0,-0.21553,0.85707,-0.46796,0,495.37,311.25,271.85,1
0.67738,0.47701,0.56001,0,0.70287,-0.195,-0.68407,0,-0.21711,0.85699,-0.46737,0,497.75,310.95,269.88,1
0.68144,0.47652,0.55549,0,0.69843,-0.19658,-0.68815,0,-0.21872,0.85691,-0.46677,0,500.12,310.68,267.89,1
0.68545,0.47603,0.55095,0,0.69397,-0.19812,-0.69221,0,-0.22037,0.85682,-0.46615,0,502.5,310.45,265.86,1
0.68942,0.47557,0.54638,0,0.68949,-0.19962,-0.69624,0,-0.22205,0.85673,-0.46552,0,504.88,310.25,263.79,1
0.69334,0.47514,0.54179,0,0.68499,-0.20108,-0.70025,0,-0.22377,0.85663,-0.46488,0,507.26,310.09,261.7,1
0.6972,0.47472,0.53717,0,0.68047,-0.20251,-0.70423,0,-0.22553,0.85652,-0.46423,0,509.64,309.97,259.56,1
0.70102,0.47433,0.53252,0,0.67594,-0.20391,-0.70819,0,-0.22733,0.85641,-0.46356,0,512.02,309.88,257.4,1
0.70479,0.47397,0.52785,0,0.67138,-0.20527,-0.71212,0,-0.22917,0.85628,-0.46288,0,514.4,309.83,255.19,1
0.70851,0.47364,0.52315,0,0.6668,-0.20659,-0.71602,0,-0.23106,0.85615,-0.46219,0,516.78,309.81,252.95,1
0.71218,0.47333,0.51842,0,0.66221,-0.20788,-0.7199,0,-0.23298,0.856,-0.4615,0,519.16,309.84,250.68,1
0.71579,0.47307,0.51367,0,0.6576,-0.20914,-0.72376,0,-0.23496,0.85585,-0.46079,0,521.53,309.9,248.37,1
0.71935,0.47283,0.50888,0,0.65297,-0.21036,-0.72758,0,-0.23698,0.85567,-0.46007,0,523.9,310.01,246.01,1
0.72286,0.47264,0.50407,0,0.64832,-0.21154,-0.73139,0,-0.23905,0.85549,-0.45934,0,526.28,310.16,243.63,1
0.72632,0.47248,0.49922,0,0.64366,-0.2127,-0.73516,0,-0.24117,0.85529,-0.4586,0,528.64,310.34,241.2,1
0.72972,0.47237,0.49435,0,0.63898,-0.21381,-0.73891,0,-0.24334,0.85508,-0.45786,0,531.01,310.57,238.73,1
0.73307,0.47229,0.48944,0,0.63428,-0.2149,-0.74263,0,-0.24556,0.85484,-0.4571,0,533.37,310.85,236.23,1
0.73635,0.47227,0.48451,0,0.62957,-0.21595,-0.74633,0,-0.24784,0.85459,-0.45634,0,535.72,311.16,233.68,1
