0.74734,0.41004,0.52283,0,-0.3617,0.91113,-0.19754,0,-0.55736,-0.041481,0.82923,0,-69.434,383.49,-21.725,1
0.7475,0.40855,0.52377,0,-0.36054,0.91178,-0.19665,0,-0.5579,-0.041847,0.82885,0,-69.237,383.67,-21.694,1
0.74766,0.40705,0.5247,0,-0.35942,0.91243,-0.19568,0,-0.5584,-0.042285,0.82849,0,-69.036,383.84,-21.662,1
0.74783,0.40555,0.52563,0,-0.35835,0.91307,-0.19464,0,-0.55887,-0.042802,0.82815,0,-68.833,384.02,-21.628,1
0.748,0.40403,0.52655,0,-0.35732,0.91371,-0.19351,0,-0.55931,-0.043404,0.82782,0,-68.628,384.19,-21.593,1
0.74817,0.40252,0.52747,0,-0.35635,0.91435,-0.1923,0,-0.5597,-0.044097,0.82752,0,-68.421,384.37,-21.557,1
0.74834,0.401,0.52838,0,-0.35544,0.91498,-0.19099,0,-0.56004,-0.044888,0.82725,0,-68.211,384.55,-21.518,1
0.74851,0.39948,0.52928,0,-0.3546,0.9156,-0.18958,0,-0.56034,-0.045784,0.82699,0,-68,384.72,-21.478,1
0.74869,0.39797,0.53017,0,-0.35383,0.91621,-0.18806,0,-0.56059,-0.046792,0.82677,0,-67.788,384.9,-21.435,1
0.74887,0.39645,0.53105,0,-0.35314,0.9168,-0.18644,0,-0.56079,-0.047919,0.82657,0,-67.575,385.08,-21.391,1
0.74905,0.39494,0.53192,0,-0.35254,0.91739,-0.1847,0,-0.56093,-0.049172,0.8264,0,-67.362,385.25,-21.344,1
0.74923,0.39344,0.53278,0,-0.35202,0.91796,-0.18284,0,-0.56101,-0.050558,0.82627,0,-67.148,385.43,-21.294,1
0.74942,0.39195,0.53362,0,-0.3516,0.91851,-0.18086,0,-0.56102,-0.052085,0.82616,0,-66.935,385.6,-21.241,1
0.7496,0.39046,0.53444,0,-0.35129,0.91905,-0.17874,0,-0.56097,-0.053761,0.82609,0,-66.721,385.76,-21.186,1
0.74979,0.389,0.53525,0,-0.35109,0.91956,-0.17648,0,-0.56085,-0.055594,0.82605,0,-66.509,385.93,-21.127,1
0.74998,0.38754,0.53604,0,-0.351,0.92005,-0.17408,0,-0.56065,-0.057591,0.82605,0,-66.298,386.09,-21.065,1
0.75017,0.3861,0.53682,0,-0.35103,0.92052,-0.17153,0,-0.56038,-0.05976,0.82608,0,-66.088,386.25,-21,1
0.75036,0.38469,0.53757,0,-0.3512,0.92096,-0.16883,0,-0.56002,-0.062111,0.82615,0,-65.881,386.4,-20.93,1
0.75055,0.38329,0.5383,0,-0.3515,0.92136,-0.16596,0,-0.55958,-0.064649,0.82625,0,-65.675,386.55,-20.857,1
0.75074,0.38192,0.539,0,-0.35194,0.92174,-0.16292,0,-0.55904,-0.067384,0.8264,0,-65.473,386.7,-20.78,1
0.75094,0.38057,0.53968,0,-0.35253,0.92207,-0.15971,0,-0.55841,-0.070322,0.82658,0,-65.273,386.83,-20.698,1
0.75113,0.37926,0.54034,0,-0.35327,0.92237,-0.15632,0,-0.55768,-0.073471,0.8268,0,-65.077,386.97,-20.611,1
0.75133,0.37797,0.54097,0,-0.35417,0.92262,-0.15274,0,-0.55684,-0.076837,0.82706,0,-64.884,387.09,-20.52,1
0.75152,0.37671,0.54157,0,-0.35523,0.92283,-0.14897,0,-0.5559,-0.080426,0.82735,0,-64.696,387.21,-20.424,1
0.75172,0.37549,0.54215,0,-0.35646,0.92299,-0.14501,0,-0.55485,-0.084246,0.82768,0,-64.512,387.32,-20.323,1
0.75192,0.3743,0.54269,0,-0.35786,0.92309,-0.14085,0,-0.55368,-0.088301,0.82804,0,-64.333,387.42,-20.217,1
0.75212,0.37315,0.54321,0,-0.35943,0.92314,-0.13648,0,-0.55238,-0.092598,0.82843,0,-64.158,387.52,-20.105,1
0.75232,0.37204,0.54369,0,-0.36118,0.92312,-0.1319,0,-0.55096,-0.097142,0.82886,0,-63.989,387.6,-19.987,1
0.75252,0.37097,0.54414,0,-0.36311,0.92303,-0.1271,0,-0.54941,-0.10194,0.82931,0,-63.826,387.68,-19.864,1
0.75273,0.36994,0.54456,0,-0.36523,0.92288,-0.12209,0,-0.54773,-0.10699,0.82979,0,-63.669,387.75,-19.734,1
0.75294,0.36895,0.54494,0,-0.36753,0.92264,-0.11685,0,-0.5459,-0.1123,0.83029,0,-63.517,387.81,-19.598,1
0.75315,0.36801,0.54529,0,-0.37002,0.92232,-0.11139,0,-0.54392,-0.11788,0.83081,0,-63.373,387.86,-19.456,1
0.75336,0.36712,0.5456,0,-0.3727,0.92191,-0.1057,0,-0.5418,-0.12372,0.83135,0,-63.234,387.9,-19.308,1
0.75357,0.36627,0.54587,0,-0.37557,0.92141,-0.099769,0,-0.53951,-0.12983,0.83191,0,-63.103,387.92,-19.153,1
0.75378,0.36547,0.54611,0,-0.37864,0.9208,-0.093603,0,-0.53707,-0.13622,0.83247,0,-62.979,387.94,-18.991,1
0.754,0.36473,0.54631,0,-0.38189,0.92009,-0.087196,0,-0.53446,-0.14288,0.83303,0,-62.862,387.95,-18.822,1
0.75422,0.36403,0.54647,0,-0.38533,0.91926,-0.080544,0,-0.53167,-0.14982,0.8336,0,-62.753,387.94,-18.646,1
0.75444,0.36339,0.54659,0,-0.38896,0.9183,-0.073645,0,-0.5287,-0.15704,0.83416,0,-62.651,387.93,-18.463,1
0.75467,0.36281,0.54667,0,-0.39279,0.91722,-0.066497,0,-0.52554,-0.16454,0.8347,0,-62.558,387.9,-18.273,1
0.7549,0.36228,0.54671,0,-0.39679,0.916,-0.059097,0,-0.5222,-0.17232,0.83524,0,-62.472,387.86,-18.075,1
0.75513,0.3618,0.5467,0,-0.40099,0.91464,-0.051443,0,-0.51865,-0.18037,0.83574,0,-62.395,387.8,-17.87,1
0.75536,0.36139,0.54666,0,-0.40536,0.91312,-0.043533,0,-0.5149,-0.18871,0.83622,0,-62.326,387.74,-17.657,1
0.75559,0.36103,0.54657,0,-0.40991,0.91144,-0.035365,0,-0.51093,-0.19732,0.83667,0,-62.265,387.66,-17.436,1
0.75583,0.36073,0.54644,0,-0.41464,0.90959,-0.026938,0,-0.50675,-0.20621,0.83707,0,-62.213,387.57,-17.208,1
0.75607,0.3605,0.54626,0,-0.41954,0.90755,-0.018252,0,-0.50234,-0.21538,0.83742,0,-62.17,387.47,-16.972,1
0.75631,0.36032,0.54604,0,-0.4246,0.90533,-0.0093044,0,-0.4977,-0.22481,0.83771,0,-62.136,387.35,-16.728,1
0.75656,0.36021,0.54577,0,-0.42983,0.90291,-9.6164e-05,0,-0.49282,-0.23451,0.83793,0,-62.111,387.22,-16.476,1
0.7568,0.36016,0.54546,0,-0.4352,0.90028,0.0093732,0,-0.48769,-0.24448,0.83808,0,-62.094,387.07,-16.216,1
0.75705,0.36018,0.5451,0,-0.44073,0.89744,0.019103,0,-0.48232,-0.2547,0.83815,0,-62.087,386.92,-15.948,1
0.75731,0.36026,0.5447,0,-0.44639,0.89437,0.029094,0,-0.47668,-0.26518,0.83813,0,-62.088,386.75,-15.672,1
0.75756,0.36041,0.54425,0,-0.45218,0.89106,0.039343,0,-0.47078,-0.27591,0.838,0,-62.099,386.56,-15.388,1
0.75782,0.36062,0.54375,0,-0.4581,0.8875,0.049851,0,-0.4646,-0.28687,0.83776,0,-62.119,386.36,-15.096,1
0.75807,0.3609,0.54321,0,-0.46414,0.88369,0.060614,0,-0.45815,-0.29807,0.83741,0,-62.148,386.15,-14.795,1
0.75833,0.36125,0.54262,0,-0.47028,0.87961,0.071631,0,-0.45141,-0.3095,0.83692,0,-62.185,385.92,-14.487,1
0.75859,0.36166,0.54198,0,-0.47651,0.87525,0.082899,0,-0.44439,-0.32115,0.83629,0,-62.232,385.68,-14.17,1
0.75885,0.36215,0.54129,0,-0.48283,0.87061,0.094415,0,-0.43706,-0.333,0.83552,0,-62.289,385.43,-13.846,1
0.75911,0.3627,0.54055,0,-0.48922,0.86567,0.10618,0,-0.42943,-0.34505,0.83458,0,-62.353,385.16,-13.513,1
0.75937,0.36332,0.53977,0,-0.49568,0.86043,0.11818,0,-0.4215,-0.35729,0.83348,0,-62.427,384.87,-13.172,1
0.75963,0.36402,0.53894,0,-0.50218,0.85487,0.13041,0,-0.41325,-0.36971,0.83219,0,-62.51,384.57,-12.823,1
0.75989,0.36478,0.53806,0,-0.50872,0.84899,0.14288,0,-0.40469,-0.38229,0.83071,0,-62.602,384.26,-12.467,1
0.76015,0.36561,0.53712,0,-0.51528,0.84278,0.15557,0,-0.3958,-0.39503,0.82903,0,-62.702,383.94,-12.102,1
0.76041,0.36651,0.53615,0,-0.52185,0.83623,0.16848,0,-0.38659,-0.4079,0.82714,0,-62.81,383.6,-11.729,1
0.76066,0.36749,0.53512,0,-0.52842,0.82933,0.1816,0,-0.37705,-0.4209,0.82503,0,-62.927,383.24,-11.349,1
0.76091,0.36853,0.53404,0,-0.53496,0.82208,0.19493,0,-0.36719,-0.43402,0.82268,0,-63.052,382.87,-10.961,1
0.76116,0.36964,0.53291,0,-0.54147,0.81446,0.20846,0,-0.35698,-0.44723,0.82009,0,-63.186,382.49,-10.566,1
0.76141,0.37083,0.53174,0,-0.54793,0.80648,0.22217,0,-0.34645,-0.46052,0.81725,0,-63.327,382.09,-10.163,1
0.76165,0.37208,0.53051,0,-0.55433,0.79812,0.23606,0,-0.33558,-0.47388,0.81414,0,-63.476,381.68,-9.7527,1
0.76189,0.37341,0.52924,0,-0.56064,0.78938,0.25013,0,-0.32437,-0.48728,0.81077,0,-63.633,381.26,-9.3351,1
0.76212,0.37481,0.52792,0,-0.56685,0.78026,0.26436,0,-0.31283,-0.50072,0.80711,0,-63.797,380.82,-8.9104,1
0.76234,0.37628,0.52655,0,-0.57294,0.77074,0.27873,0,-0.30095,-0.51417,0.80315,0,-63.969,380.37,-8.4786,1
0.76256,0.37781,0.52513,0,-0.5789,0.76084,0.29325,0,-0.28874,-0.52762,0.7989,0,-64.147,379.9,-8.0399,1
0.76277,0.37942,0.52366,0,-0.58471,0.75054,0.3079,0,-0.27621,-0.54104,0.79434,0,-64.332,379.43,-7.5945,1
0.76298,0.3811,0.52214,0,-0.59035,0.73985,0.32266,0,-0.26334,-0.55443,0.78947,0,-64.524,378.94,-7.1424,1
0.76317,0.38284,0.52058,0,-0.59581,0.72876,0.33752,0,-0.25016,-0.56775,0.78427,0,-64.722,378.43,-6.6838,1
0.76336,0.38466,0.51897,0,-0.60107,0.71727,0.35248,0,-0.23666,-0.581,0.77874,0,-64.926,377.92,-6.219,1
0.76353,0.38654,0.51731,0,-0.6061,0.70539,0.36751,0,-0.22285,-0.59415,0.77287,0,-65.136,377.39,-5.7479,1
0.76369,0.38849,0.51561,0,-0.6109,0.69312,0.38261,0,-0.20874,-0.60718,0.76666,0,-65.352,376.85,-5.2708,1
0.76385,0.3905,0.51386,0,-0.61545,0.68045,0.39775,0,-0.19433,-0.62007,0.7601,0,-65.573,376.29,-4.7879,1
0.76399,0.39258,0.51206,0,-0.61972,0.66741,0.41293,0,-0.17964,-0.63281,0.75318,0,-65.799,375.73,-4.2993,1
0.76411,0.39473,0.51022,0,-0.62371,0.65398,0.42813,0,-0.16467,-0.64537,0.74591,0,-66.03,375.15,-3.8052,1
0.76423,0.39694,0.50833,0,-0.6274,0.64018,0.44334,0,-0.14944,-0.65773,0.73828,0,-66.265,374.57,-3.3058,1
0.76432,0.39921,0.5064,0,-0.63077,0.62601,0.45853,0,-0.13396,-0.66988,0.73028,0,-66.505,373.97,-2.8012,1
0.76441,0.40155,0.50442,0,-0.6338,0.61148,0.47369,0,-0.11823,-0.6818,0.72192,0,-66.748,373.36,-2.2917,1
0.76447,0.40395,0.5024,0,-0.63649,0.59661,0.48882,0,-0.10228,-0.69346,0.7132,0,-66.995,372.74,-1.7774,1
0.76452,0.40641,0.50034,0,-0.63882,0.58139,0.50388,0,-0.086114,-0.70485,0.70411,0,-67.246,372.11,-1.2585,1
0.76455,0.40892,0.49824,0,-0.64078,0.56585,0.51886,0,-0.069752,-0.71596,0.69465,0,-67.499,371.47,-0.73511,1
0.76457,0.4115,0.49609,0,-0.64234,0.55,0.53376,0,-0.053208,-0.72675,0.68483,0,-67.755,370.82,-0.20755,1
0.76456,0.41413,0.4939,0,-0.64352,0.53384,0.54854,0,-0.0365,-0.73723,0.67466,0,-68.014,370.16,0.32407,1
0.76454,0.41682,0.49168,0,-0.64428,0.5174,0.5632,0,-0.019645,-0.74737,0.66412,0,-68.274,369.49,0.85953,1
0.76449,0.41956,0.48941,0,-0.64463,0.5007,0.57772,0,-0.0026611,-0.75715,0.65324,0,-68.536,368.82,1.3987,1
0.76442,0.42235,0.48711,0,-0.64455,0.48373,0.59208,0,0.014433,-0.76656,0.64201,0,-68.8,368.13,1.9413,1
0.76434,0.42519,0.48477,0,-0.64404,0.46654,0.60626,0,0.031617,-0.7756,0.63043,0,-69.065,367.44,2.4872,1
0.76423,0.42809,0.48239,0,-0.64309,0.44912,0.62026,0,0.048871,-0.78424,0.61853,0,-69.331,366.74,3.0363,1
0.76409,0.43103,0.47997,0,-0.6417,0.43151,0.63405,0,0.066176,-0.79247,0.60631,0,-69.597,366.04,3.5883,1
0.76394,0.43401,0.47753,0,-0.63986,0.41372,0.64762,0,0.083509,-0.80029,0.59377,0,-69.863,365.32,4.1431,1
0.76376,0.43704,0.47504,0,-0.63757,0.39578,0.66095,0,0.10085,-0.80768,0.58093,0,-70.129,364.6,4.7004,1
0.76356,0.44011,0.47253,0,-0.63483,0.3777,0.67404,0,0.11818,-0.81464,0.56779,0,-70.395,363.88,5.2602,1
0.76333,0.44322,0.46998,0,-0.63164,0.35951,0.68686,0,0.13547,-0.82116,0.55438,0,-70.659,363.15,5.8223,1
0.76308,0.44637,0.4674,0,-0.62801,0.34123,0.69941,0,0.1527,-0.82724,0.5407,0,-70.923,362.41,6.3865,1
0.7628,0.44955,0.4648,0,-0.62392,0.32288,0.71167,0,0.16986,-0.83286,0.52678,0,-71.185,361.67,6.9527,1
0.7625,0.45277,0.46216,0,-0.6194,0.30448,0.72363,0,0.18692,-0.83803,0.51261,0,-71.445,360.92,7.5206,1
0.76217,0.45602,0.4595,0,-0.61444,0.28607,0.73527,0,0.20385,-0.84274,0.49823,0,-71.703,360.18,8.0903,1
0.76182,0.45929,0.45681,0,-0.60905,0.26766,0.7466,0,0.22064,-0.847,0.48365,0,-71.959,359.42,8.6615,1
0.76145,0.4626,0.45409,0,-0.60324,0.24928,0.7576,0,0.23727,-0.8508,0.46888,0,-72.212,358.67,9.2341,1
0.76104,0.46593,0.45136,0,-0.59703,0.23096,0.76825,0,0.25371,-0.85415,0.45394,0,-72.461,357.91,9.808,1
0.76062,0.46928,0.4486,0,-0.59042,0.21271,0.77856,0,0.26994,-0.85705,0.43886,0,-72.708,357.15,10.383,1
0.76017,0.47265,0.44582,0,-0.58342,0.19456,0.78852,0,0.28595,-0.85951,0.42365,0,-72.95,356.38,10.959,1
0.75969,0.47603,0.44302,0,-0.57605,0.17654,0.79812,0,0.30172,-0.86153,0.40834,0,-73.188,355.62,11.536,1
0.75919,0.47943,0.4402,0,-0.56833,0.15867,0.80736,0,0.31723,-0.86312,0.39293,0,-73.422,354.86,12.114,1
0.75867,0.48284,0.43736,0,-0.56026,0.14096,0.81623,0,0.33246,-0.86429,0.37747,0,-73.651,354.09,12.693,1
0.75812,0.48627,0.43451,0,-0.55188,0.12345,0.82474,0,0.3474,-0.86505,0.36195,0,-73.875,353.33,13.273,1
0.75755,0.4897,0.43165,0,-0.54318,0.10615,0.83288,0,0.36204,-0.86541,0.34641,0,-74.094,352.56,13.853,1
0.75695,0.49313,0.42877,0,-0.5342,0.089071,0.84065,0,0.37636,-0.86538,0.33086,0,-74.308,351.79,14.434,1
0.75634,0.49657,0.42588,0,-0.52495,0.072245,0.84806,0,0.39036,-0.86498,0.31532,0,-74.516,351.03,15.016,1
0.7557,0.50001,0.42297,0,-0.51545,0.055684,0.85511,0,0.40401,-0.86423,0.29981,0,-74.717,350.27,15.598,1
0.75504,0.50345,0.42006,0,-0.50572,0.039405,0.8618,0,0.41732,-0.86312,0.28436,0,-74.913,349.51,16.18,1
0.75436,0.50689,0.41713,0,-0.49578,0.023422,0.86813,0,0.43028,-0.86169,0.26898,0,-75.102,348.75,16.763,1
0.75366,0.51032,0.4142,0,-0.48565,0.0077519,0.87412,0,0.44287,-0.85995,0.25368,0,-75.284,347.99,17.346,1
0.75295,0.51375,0.41126,0,-0.47535,-0.0075939,0.87976,0,0.4551,-0.85791,0.23849,0,-75.46,347.24,17.93,1
0.75221,0.51717,0.40832,0,-0.4649,-0.022602,0.88507,0,0.46696,-0.85559,0.22343,0,-75.628,346.49,18.514,1
0.75145,0.52057,0.40537,0,-0.45432,-0.037263,0.89006,0,0.47844,-0.853,0.20851,0,-75.79,345.74,19.098,1
0.75068,0.52397,0.40241,0,-0.44363,-0.051564,0.89472,0,0.48956,-0.85018,0.19374,0,-75.943,344.99,19.683,1
0.74989,0.52735,0.39945,0,-0.43286,-0.065498,0.89908,0,0.50029,-0.84712,0.17915,0,-76.09,344.25,20.268,1
0.74909,0.53072,0.39649,0,-0.42201,-0.079055,0.90314,0,0.51065,-0.84386,0.16475,0,-76.228,343.52,20.853,1
0.74827,0.53406,0.39352,0,-0.41112,-0.092229,0.9069,0,0.52064,-0.8404,0.15055,0,-76.358,342.78,21.438,1
0.74744,0.5374,0.39056,0,-0.4002,-0.10501,0.91039,0,0.53025,-0.83677,0.13657,0,-76.481,342.06,22.024,1
0.7466,0.54071,0.38759,0,-0.38927,-0.1174,0.91361,0,0.5395,-0.83298,0.12283,0,-76.595,341.33,22.61,1
0.74574,0.544,0.38463,0,-0.37835,-0.12939,0.91657,0,0.54838,-0.82905,0.10933,0,-76.701,340.62,23.196,1
0.74487,0.54726,0.38166,0,-0.36746,-0.14098,0.91929,0,0.5569,-0.825,0.096084,0,-76.798,339.9,23.783,1
0.744,0.5505,0.3787,0,-0.35661,-0.15216,0.92178,0,0.56507,-0.82085,0.08311,0,-76.887,339.2,24.369,1
0.74311,0.55372,0.37574,0,-0.34582,-0.16293,0.92405,0,0.57288,-0.81661,0.070415,0,-76.966,338.5,24.957,1
0.74222,0.55691,0.37278,0,-0.33512,-0.17329,0.9261,0,0.58036,-0.81229,0.058011,0,-77.037,337.8,25.544,1
0.74131,0.56007,0.36983,0,-0.32451,-0.18324,0.92796,0,0.58749,-0.80793,0.045907,0,-77.099,337.11,26.132,1
0.7404,0.5632,0.36688,0,-0.31401,-0.19278,0.92964,0,0.59431,-0.80352,0.034113,0,-77.152,336.43,26.72,1
0.73949,0.5663,0.36394,0,-0.30364,-0.20192,0.93115,0,0.6008,-0.79908,0.022635,0,-77.196,335.75,27.308,1
0.73857,0.56938,0.361,0,-0.2934,-0.21064,0.93249,0,0.60698,-0.79463,0.011484,0,-77.23,335.09,27.897,1
0.73765,0.57241,0.35807,0,-0.28332,-0.21896,0.93369,0,0.61286,-0.79019,0.00066486,0,-77.255,334.42,28.486,1
0.73673,0.57542,0.35515,0,-0.27341,-0.22687,0.93476,0,0.61845,-0.78576,-0.0098148,0,-77.27,333.77,29.076,1
0.7358,0.57839,0.35223,0,-0.26368,-0.23438,0.9357,0,0.62375,-0.78137,-0.019949,0,-77.276,333.12,29.666,1
0.73487,0.58132,0.34932,0,-0.25414,-0.2415,0.93653,0,0.62879,-0.77701,-0.029732,0,-77.272,332.48,30.257,1
0.73395,0.58422,0.34642,0,-0.2448,-0.24821,0.93726,0,0.63356,-0.77271,-0.03916,0,-77.259,331.85,30.848,1
0.73302,0.58708,0.34352,0,-0.23567,-0.25454,0.93791,0,0.63807,-0.76847,-0.048227,0,-77.235,331.23,31.439,1
0.7321,0.58991,0.34064,0,-0.22676,-0.26048,0.93847,0,0.64234,-0.7643,-0.056931,0,-77.202,330.61,32.031,1
0.73118,0.5927,0.33776,0,-0.21809,-0.26604,0.93897,0,0.64638,-0.76022,-0.065266,0,-77.159,330,32.623,1
0.73027,0.59544,0.3349,0,-0.20965,-0.27123,0.93941,0,0.6502,-0.75623,-0.073232,0,-77.106,329.4,33.216,1
0.72936,0.59815,0.33204,0,-0.20146,-0.27604,0.9398,0,0.6538,-0.75234,-0.080824,0,-77.044,328.81,33.809,1
0.72845,0.60082,0.32919,0,-0.19353,-0.28048,0.94015,0,0.65719,-0.74856,-0.088041,0,-76.971,328.23,34.403,1
0.72756,0.60345,0.32636,0,-0.18585,-0.28456,0.94047,0,0.66039,-0.7449,-0.094882,0,-76.888,327.65,34.997,1
0.72667,0.60603,0.32354,0,-0.17844,-0.28828,0.94077,0,0.66341,-0.74136,-0.10135,0,-76.795,327.09,35.592,1
0.72579,0.60858,0.32072,0,-0.1713,-0.29165,0.94106,0,0.66625,-0.73795,-0.10743,0,-76.692,326.53,36.187,1
0.72492,0.61108,0.31792,0,-0.16443,-0.29468,0.94134,0,0.66892,-0.73467,-0.11313,0,-76.579,325.98,36.783,1
0.72406,0.61354,0.31513,0,-0.15785,-0.29736,0.94163,0,0.67144,-0.73153,-0.11846,0,-76.456,325.45,37.379,1
0.72321,0.61596,0.31236,0,-0.15155,-0.29972,0.94191,0,0.6738,-0.72854,-0.12341,0,-76.323,324.92,37.975,1
0.72237,0.61833,0.30959,0,-0.14553,-0.30174,0.94222,0,0.67602,-0.72568,-0.12798,0,-76.18,324.4,38.572,1
0.72154,0.62067,0.30684,0,-0.13981,-0.30344,0.94254,0,0.67811,-0.72298,-0.13217,0,-76.027,323.88,39.17,1
0.72073,0.62295,0.3041,0,-0.13437,-0.30482,0.94288,0,0.68007,-0.72043,-0.13598,0,-75.864,323.38,39.767,1
0.71993,0.6252,0.30137,0,-0.12923,-0.30588,0.94326,0,0.68191,-0.71803,-0.13942,0,-75.69,322.89,40.365,1
0.71915,0.6274,0.29866,0,-0.12438,-0.30664,0.94366,0,0.68364,-0.71578,-0.14249,0,-75.507,322.41,40.964,1
0.71838,0.62956,0.29596,0,-0.11982,-0.3071,0.9441,0,0.68526,-0.71368,-0.14518,0,-75.314,321.93,41.562,1
0.71762,0.63167,0.29327,0,-0.11555,-0.30727,0.94458,0,0.68678,-0.71174,-0.14751,0,-75.111,321.47,42.161,1
0.71689,0.63374,0.2906,0,-0.11158,-0.30714,0.9451,0,0.6882,-0.70996,-0.14947,0,-74.897,321.01,42.76,1
0.71617,0.63577,0.28793,0,-0.10791,-0.30673,0.94566,0,0.68954,-0.70832,-0.15107,0,-74.675,320.57,43.358,1
0.71547,0.63775,0.28529,0,-0.10452,-0.30604,0.94626,0,0.69079,-0.70684,-0.15231,0,-74.442,320.13,43.957,1
0.71478,0.63968,0.28265,0,-0.10142,-0.30508,0.94691,0,0.69195,-0.7055,-0.15319,0,-74.2,319.71,44.556,1
0.71412,0.64158,0.28003,0,-0.098611,-0.30385,0.9476,0,0.69305,-0.70431,-0.15371,0,-73.948,319.29,45.155,1
0.71347,0.64343,0.27743,0,-0.096087,-0.30235,0.94834,0,0.69407,-0.70327,-0.15389,0,-73.686,318.89,45.753,1
0.71284,0.64523,0.27483,0,-0.093846,-0.30059,0.94912,0,0.69502,-0.70237,-0.15372,0,-73.415,318.49,46.351,1
0.71223,0.64699,0.27225,0,-0.091884,-0.29859,0.94995,0,0.6959,-0.7016,-0.15322,0,-73.135,318.11,46.949,1
0.71165,0.64871,0.26969,0,-0.090198,-0.29633,0.95082,0,0.69672,-0.70097,-0.15237,0,-72.845,317.73,47.547,1
0.71108,0.65039,0.26714,0,-0.088785,-0.29383,0.95172,0,0.69748,-0.70047,-0.15119,0,-72.547,317.36,48.143,1
0.71053,0.65202,0.2646,0,-0.087641,-0.2911,0.95267,0,0.69819,-0.70009,-0.14969,0,-72.239,317.01,48.739,1
0.71001,0.65361,0.26207,0,-0.08676,-0.28813,0.95365,0,0.69883,-0.69984,-0.14787,0,-71.922,316.66,49.334,1
0.7095,0.65516,0.25956,0,-0.086138,-0.28494,0.95467,0,0.69942,-0.69969,-0.14573,0,-71.597,316.32,49.929,1
0.70902,0.65667,0.25707,0,-0.085771,-0.28153,0.95571,0,0.69996,-0.69967,-0.14329,0,-71.262,315.99,50.522,1
0.70855,0.65813,0.25459,0,-0.085653,-0.2779,0.95678,0,0.70044,-0.69974,-0.14054,0,-70.92,315.68,51.114,1
0.70811,0.65955,0.25212,0,-0.085777,-0.27406,0.95788,0,0.70087,-0.69991,-0.13749,0,-70.569,315.37,51.705,1
0.7077,0.66094,0.24966,0,-0.086139,-0.27002,0.95899,0,0.70125,-0.70018,-0.13416,0,-70.21,315.07,52.294,1
0.7073,0.66228,0.24722,0,-0.086732,-0.26578,0.96013,0,0.70157,-0.70054,-0.13054,0,-69.842,314.78,52.882,1
0.70692,0.66358,0.24479,0,-0.087548,-0.26134,0.96127,0,0.70185,-0.70097,-0.12665,0,-69.467,314.51,53.467,1
0.70657,0.66484,0.24238,0,-0.088583,-0.25672,0.96242,0,0.70208,-0.70149,-0.1225,0,-69.084,314.24,54.051,1
0.70624,0.66606,0.23998,0,-0.089828,-0.25192,0.96357,0,0.70225,-0.70207,-0.11809,0,-68.694,313.98,54.633,1
0.70593,0.66725,0.23759,0,-0.091275,-0.24695,0.96472,0,0.70238,-0.70271,-0.11342,0,-68.296,313.73,55.213,1
0.70564,0.66839,0.23522,0,-0.092918,-0.24181,0.96587,0,0.70245,-0.70341,-0.10852,0,-67.892,313.49,55.79,1
0.70537,0.6695,0.23286,0,-0.094748,-0.2365,0.967,0,0.70248,-0.70416,-0.10339,0,-67.48,313.26,56.364,1
0.70513,0.67057,0.23051,0,-0.096758,-0.23105,0.96812,0,0.70245,-0.70495,-0.098034,0,-67.062,313.04,56.936,1
0.7049,0.6716,0.22817,0,-0.098938,-0.22544,0.96922,0,0.70237,-0.70578,-0.092469,0,-66.638,312.83,57.505,1
0.7047,0.6726,0.22585,0,-0.10128,-0.2197,0.9703,0,0.70224,-0.70664,-0.086702,0,-66.207,312.63,58.07,1
0.70451,0.67357,0.22354,0,-0.10377,-0.21383,0.97134,0,0.70206,-0.70752,-0.080746,0,-65.77,312.44,58.632,1
0.70435,0.67449,0.22125,0,-0.10641,-0.20783,0.97236,0,0.70183,-0.70842,-0.074611,0,-65.328,312.26,59.19,1
0.7042,0.67539,0.21896,0,-0.10918,-0.20172,0.97334,0,0.70155,-0.70934,-0.068308,0,-64.88,312.09,59.745,1
0.70408,0.67625,0.21669,0,-0.11208,-0.1955,0.97428,0,0.70122,-0.71026,-0.061849,0,-64.427,311.92,60.295,1
0.70398,0.67708,0.21443,0,-0.11509,-0.18918,0.97517,0,0.70084,-0.71118,-0.055248,0,-63.97,311.77,60.841,1
0.70389,0.67788,0.21219,0,-0.11821,-0.18277,0.97602,0,0.7004,-0.71209,-0.048516,0,-63.507,311.63,61.383,1
0.70382,0.67864,0.20995,0,-0.12142,-0.17628,0.97682,0,0.69992,-0.713,-0.041665,0,-63.041,311.49,61.919,1
0.70377,0.67938,0.20773,0,-0.12472,-0.16971,0.97757,0,0.6994,-0.71389,-0.03471,0,-62.571,311.37,62.451,1
0.70374,0.68009,0.20552,0,-0.12809,-0.16309,0.97826,0,0.69882,-0.71476,-0.027663,0,-62.097,311.25,62.977,1
0.70372,0.68076,0.20332,0,-0.13152,-0.15641,0.9789,0,0.6982,-0.71561,-0.020535,0,-61.619,311.15,63.498,1
0.70372,0.68141,0.20114,0,-0.13501,-0.14969,0.97947,0,0.69753,-0.71643,-0.01334,0,-61.139,311.05,64.013,1
0.70374,0.68203,0.19896,0,-0.13855,-0.14293,0.97999,0,0.69682,-0.71722,-0.0060897,0,-60.656,310.96,64.522,1
0.70377,0.68263,0.1968,0,-0.14212,-0.13614,0.98044,0,0.69607,-0.71797,0.0012044,0,-60.17,310.88,65.025,1
0.70382,0.6832,0.19465,0,-0.14572,-0.12933,0.98084,0,0.69528,-0.71869,0.0085302,0,-59.682,310.81,65.522,1
0.70388,0.68374,0.19251,0,-0.14934,-0.12251,0.98117,0,0.69444,-0.71937,0.015876,0,-59.192,310.75,66.012,1
0.70396,0.68425,0.19038,0,-0.15297,-0.11569,0.98144,0,0.69358,-0.72001,0.023231,0,-58.701,310.7,66.495,1
0.70405,0.68475,0.18826,0,-0.1566,-0.10887,0.98164,0,0.69267,-0.7206,0.030584,0,-58.208,310.66,66.971,1
0.70415,0.68521,0.18616,0,-0.16023,-0.10207,0.98179,0,0.69173,-0.72116,0.037923,0,-57.715,310.63,67.441,1
0.70427,0.68566,0.18407,0,-0.16385,-0.095286,0.98187,0,0.69077,-0.72166,0.045239,0,-57.22,310.6,67.903,1
0.7044,0.68608,0.18199,0,-0.16745,-0.088532,0.9819,0,0.68977,-0.72212,0.05252,0,-56.725,310.59,68.357,1
0.70455,0.68647,0.17992,0,-0.17102,-0.081816,0.98187,0,0.68874,-0.72254,0.059756,0,-56.229,310.58,68.804,1
0.7047,0.68685,0.17786,0,-0.17455,-0.075143,0.98178,0,0.68769,-0.72291,0.066938,0,-55.734,310.58,69.243,1
0.70487,0.6872,0.17582,0,-0.17805,-0.068521,0.98163,0,0.68662,-0.72323,0.074056,0,-55.239,310.59,69.674,1
0.70506,0.68753,0.17379,0,-0.1815,-0.061957,0.98144,0,0.68553,-0.72351,0.081099,0,-54.744,310.61,70.097,1
0.70525,0.68783,0.17177,0,-0.18489,-0.055459,0.98119,0,0.68442,-0.72375,0.08806,0,-54.25,310.64,70.512,1
0.70546,0.68812,0.16977,0,-0.18822,-0.049033,0.9809,0,0.6833,-0.72394,0.094929,0,-53.757,310.68,70.919,1
0.70568,0.68839,0.16777,0,-0.19149,-0.042685,0.98057,0,0.68217,-0.72409,0.1017,0,-53.265,310.73,71.317,1
0.7059,0.68863,0.1658,0,-0.19469,-0.036423,0.98019,0,0.68103,-0.7242,0.10836,0,-52.774,310.78,71.706,1
0.70614,0.68885,0.16383,0,-0.1978,-0.030251,0.97977,0,0.67988,-0.72427,0.1149,0,-52.285,310.85,72.087,1
0.7064,0.68906,0.16188,0,-0.20084,-0.024177,0.97933,0,0.67872,-0.7243,0.12131,0,-51.798,310.92,72.459,1
0.70666,0.68924,0.15994,0,-0.20379,-0.018206,0.97884,0,0.67757,-0.7243,0.1276,0,-51.313,311,72.821,1
0.70693,0.6894,0.15802,0,-0.20665,-0.012344,0.97834,0,0.67642,-0.72427,0.13374,0,-50.83,311.09,73.175,1
0.70721,0.68955,0.15611,0,-0.20941,-0.006596,0.97781,0,0.67527,-0.72421,0.13973,0,-50.35,311.19,73.52,1
0.70751,0.68967,0.15422,0,-0.21207,-0.0009677,0.97725,0,0.67413,-0.72412,0.14558,0,-49.872,311.29,73.856,1
0.70781,0.68978,0.15234,0,-0.21463,0.0045359,0.97669,0,0.673,-0.72401,0.15126,0,-49.397,311.41,74.182,1
0.70813,0.68986,0.15048,0,-0.21708,0.0099099,0.9761,0,0.67189,-0.72387,0.15677,0,-48.925,311.53,74.499,1
0.70845,0.68993,0.14863,0,-0.21941,0.01515,0.97551,0,0.67079,-0.72372,0.16211,0,-48.456,311.66,74.806,1
0.70879,0.68998,0.1468,0,-0.22163,0.020251,0.97492,0,0.6697,-0.72355,0.16727,0,-47.991,311.8,75.104,1
0.70913,0.69001,0.14498,0,-0.22373,0.025208,0.97433,0,0.66864,-0.72336,0.17225,0,-47.529,311.95,75.392,1
0.70949,0.69002,0.14318,0,-0.2257,0.030019,0.97373,0,0.66759,-0.72317,0.17704,0,-47.071,312.11,75.671,1
0.70986,0.69001,0.1414,0,-0.22756,0.034678,0.97315,0,0.66658,-0.72297,0.18163,0,-46.616,312.27,75.94,1
0.71023,0.68998,0.13963,0,-0.22928,0.039182,0.97257,0,0.66559,-0.72277,0.18603,0,-46.166,312.44,76.2,1
0.71062,0.68994,0.13789,0,-0.23087,0.043528,0.97201,0,0.66462,-0.72256,0.19022,0,-45.72,312.62,76.449,1
0.71101,0.68987,0.13615,0,-0.23232,0.047712,0.97147,0,0.66369,-0.72236,0.1942,0,-45.277,312.81,76.689,1
0.71142,0.68979,0.13444,0,-0.23364,0.051731,0.97095,0,0.66279,-0.72216,0.19797,0,-44.84,313,76.919,1
0.71184,0.68969,0.13275,0,-0.23483,0.055581,0.97045,0,0.66193,-0.72197,0.20152,0,-44.406,313.21,77.139,1
0.71226,0.68957,0.13107,0,-0.23587,0.05926,0.96998,0,0.6611,-0.72179,0.20486,0,-43.977,313.42,77.35,1
0.7127,0.68943,0.12941,0,-0.23677,0.062765,0.96954,0,0.6603,-0.72163,0.20797,0,-43.553,313.64,77.55,1
0.71315,0.68927,0.12778,0,-0.23752,0.066094,0.96913,0,0.65955,-0.72148,0.21085,0,-43.134,313.86,77.741,1
0.7136,0.6891,0.12616,0,-0.23813,0.069245,0.96876,0,0.65883,-0.72135,0.21351,0,-42.719,314.1,77.922,1
0.71407,0.6889,0.12456,0,-0.23859,0.072214,0.96843,0,0.65816,-0.72125,0.21593,0,-42.309,314.34,78.093,1
0.71455,0.68869,0.12298,0,-0.23891,0.075,0.96814,0,0.65753,-0.72117,0.21812,0,-41.905,314.59,78.254,1
0.71504,0.68846,0.12142,0,-0.23907,0.077601,0.9679,0,0.65693,-0.72111,0.22008,0,-41.505,314.84,78.406,1
0.71554,0.68821,0.11988,0,-0.23909,0.080015,0.9677,0,0.65638,-0.72109,0.22179,0,-41.11,315.11,78.547,1
0.71605,0.68794,0.11837,0,-0.23895,0.08224,0.96754,0,0.65587,-0.7211,0.22327,0,-40.721,315.38,78.679,1
0.71658,0.68765,0.11687,0,-0.23866,0.084276,0.96744,0,0.65541,-0.72114,0.2245,0,-40.336,315.65,78.801,1
0.71711,0.68734,0.1154,0,-0.23821,0.08612,0.96739,0,0.65498,-0.72121,0.22549,0,-39.957,315.94,78.914,1
0.71766,0.68701,0.11395,0,-0.23762,0.087771,0.96738,0,0.6546,-0.72133,0.22624,0,-39.583,316.23,79.017,1
0.71821,0.68666,0.11252,0,-0.23687,0.089229,0.96744,0,0.65426,-0.72148,0.22673,0,-39.214,316.53,79.11,1
0.71878,0.6863,0.11111,0,-0.23596,0.090492,0.96754,0,0.65396,-0.72167,0.22699,0,-38.851,316.84,79.194,1
0.71937,0.68591,0.10973,0,-0.23491,0.091559,0.9677,0,0.65371,-0.7219,0.22699,0,-38.493,317.15,79.268,1
0.71996,0.6855,0.10837,0,-0.23369,0.09243,0.96791,0,0.65349,-0.72218,0.22674,0,-38.14,317.47,79.332,1
0.72057,0.68508,0.10703,0,-0.23233,0.093104,0.96817,0,0.65331,-0.7225,0.22625,0,-37.792,317.79,79.388,1
0.72118,0.68463,0.10572,0,-0.23081,0.09358,0.96849,0,0.65316,-0.72286,0.22551,0,-37.449,318.13,79.434,1
0.72182,0.68416,0.10443,0,-0.22913,0.093859,0.96886,0,0.65305,-0.72327,0.22451,0,-37.111,318.46,79.471,1
0.72246,0.68367,0.10317,0,-0.22731,0.093939,0.96928,0,0.65298,-0.72372,0.22327,0,-36.779,318.81,79.498,1
0.72312,0.68316,0.10193,0,-0.22533,0.093821,0.96975,0,0.65294,-0.72422,0.22178,0,-36.451,319.16,79.517,1
0.72379,0.68263,0.10072,0,-0.2232,0.093505,0.97028,0,0.65292,-0.72476,0.22004,0,-36.129,319.52,79.527,1
0.72448,0.68208,0.099528,0,-0.22092,0.092991,0.97085,0,0.65294,-0.72534,0.21806,0,-35.811,319.88,79.527,1
0.72518,0.6815,0.098366,0,-0.2185,0.092279,0.97147,0,0.65298,-0.72598,0.21582,0,-35.499,320.25,79.519,1
0.72589,0.6809,0.097231,0,-0.21592,0.091369,0.97213,0,0.65304,-0.72665,0.21335,0,-35.191,320.63,79.503,1
0.72662,0.68028,0.096122,0,-0.2132,0.090262,0.97283,0,0.65313,-0.72737,0.21062,0,-34.887,321.01,79.478,1
0.72736,0.67964,0.09504,0,-0.21033,0.088959,0.97357,0,0.65323,-0.72813,0.20766,0,-34.589,321.4,79.444,1
0.72812,0.67898,0.093985,0,-0.20733,0.08746,0.97435,0,0.65334,-0.72893,0.20445,0,-34.294,321.8,79.402,1
0.72889,0.67829,0.092958,0,-0.20418,0.085766,0.97517,0,0.65347,-0.72977,0.20101,0,-34.004,322.2,79.352,1
0.72968,0.67758,0.091958,0,-0.20089,0.083878,0.97602,0,0.65361,-0.73065,0.19732,0,-33.719,322.6,79.294,1
0.73049,0.67684,0.090986,0,-0.19747,0.081798,0.97689,0,0.65376,-0.73157,0.19341,0,-33.437,323.01,79.227,1
0.73131,0.67608,0.090043,0,-0.19391,0.079526,0.97779,0,0.6539,-0.73253,0.18926,0,-33.159,323.43,79.154,1
0.73215,0.67529,0.089129,0,-0.19022,0.077064,0.97871,0,0.65405,-0.73351,0.18488,0,-32.886,323.85,79.072,1
0.733,0.67448,0.088243,0,-0.18641,0.074413,0.97965,0,0.65419,-0.73453,0.18027,0,-32.615,324.28,78.983,1
0.73387,0.67364,0.087386,0,-0.18247,0.071576,0.9806,0,0.65432,-0.73558,0.17545,0,-32.349,324.71,78.887,1
