-0.60232,0.069654,0.79521,0,0.7296,0.45221,0.51302,0,-0.32387,0.88919,-0.32319,0,-206.62,373.28,182.37,1
-0.6037,0.071675,0.79398,0,0.72931,0.45187,0.51373,0,-0.32196,0.8892,-0.32507,0,-206.77,373.72,182.2,1
-0.60507,0.073695,0.79275,0,0.72901,0.45153,0.51445,0,-0.32004,0.88921,-0.32694,0,-206.93,374.16,182.02,1
-0.60643,0.075709,0.79152,0,0.72872,0.45119,0.51516,0,-0.31813,0.88921,-0.32879,0,-207.08,374.59,181.85,1
-0.60778,0.077711,0.79029,0,0.72843,0.45086,0.51587,0,-0.31622,0.88921,-0.33063,0,-207.23,375.03,181.67,1
-0.60911,0.079698,0.78907,0,0.72814,0.45052,0.51657,0,-0.31432,0.8892,-0.33245,0,-207.37,375.46,181.5,1
-0.61042,0.081663,0.78786,0,0.72785,0.45018,0.51727,0,-0.31244,0.8892,-0.33424,0,-207.51,375.88,181.33,1
-0.61171,0.083603,0.78665,0,0.72757,0.44985,0.51796,0,-0.31057,0.88918,-0.336,0,-207.64,376.3,181.17,1
-0.61298,0.08551,0.78546,0,0.72729,0.44951,0.51864,0,-0.30872,0.88917,-0.33773,0,-207.77,376.71,181.01,1
-0.61422,0.08738,0.78429,0,0.72701,0.44918,0.51932,0,-0.30691,0.88916,-0.33942,0,-207.89,377.11,180.85,1
-0.61543,0.089208,0.78313,0,0.72674,0.44885,0.51998,0,-0.30513,0.88914,-0.34107,0,-208.01,377.5,180.7,1
-0.6166,0.090986,0.782,0,0.72647,0.44853,0.52063,0,-0.30338,0.88912,-0.34267,0,-208.12,377.88,180.55,1
-0.61775,0.09271,0.78089,0,0.72621,0.44821,0.52128,0,-0.30168,0.88911,-0.34421,0,-208.22,378.25,180.42,1
-0.61886,0.094373,0.77981,0,0.72595,0.4479,0.52191,0,-0.30002,0.88909,-0.3457,0,-208.31,378.6,180.29,1
-0.61993,0.095969,0.77876,0,0.72569,0.44759,0.52253,0,-0.29842,0.88907,-0.34712,0,-208.4,378.93,180.17,1
-0.62096,0.097491,0.77775,0,0.72544,0.44729,0.52313,0,-0.29688,0.88906,-0.34847,0,-208.47,379.25,180.05,1
-0.62195,0.098933,0.77678,0,0.7252,0.44699,0.52372,0,-0.2954,0.88905,-0.34975,0,-208.54,379.55,179.95,1
-0.62289,0.10029,0.77585,0,0.72496,0.4467,0.5243,0,-0.29399,0.88904,-0.35095,0,-208.59,379.83,179.86,1
-0.62379,0.10155,0.77497,0,0.72473,0.44642,0.52485,0,-0.29266,0.88904,-0.35207,0,-208.64,380.08,179.78,1
-0.62463,0.10271,0.77413,0,0.72451,0.44615,0.52539,0,-0.29142,0.88904,-0.3531,0,-208.67,380.31,179.72,1
-0.62543,0.10377,0.77335,0,0.72429,0.44589,0.52592,0,-0.29025,0.88905,-0.35403,0,-208.7,380.52,179.66,1
-0.62616,0.10471,0.77263,0,0.72408,0.44563,0.52642,0,-0.28919,0.88907,-0.35486,0,-208.71,380.69,179.62,1
-0.62685,0.10554,0.77196,0,0.72387,0.44539,0.52691,0,-0.28822,0.88909,-0.35559,0,-208.71,380.84,179.6,1
-0.62747,0.10624,0.77136,0,0.72368,0.44516,0.52737,0,-0.28735,0.88913,-0.35621,0,-208.69,380.96,179.59,1
-0.62803,0.10681,0.77082,0,0.72349,0.44494,0.52782,0,-0.28659,0.88917,-0.35671,0,-208.67,381.05,179.6,1
-0.62854,0.10725,0.77035,0,0.72331,0.44473,0.52824,0,-0.28595,0.88922,-0.3571,0,-208.63,381.1,179.63,1
-0.62898,0.10754,0.76995,0,0.72314,0.44453,0.52864,0,-0.28542,0.88928,-0.35737,0,-208.57,381.12,179.67,1
-0.62935,0.10769,0.76963,0,0.72297,0.44435,0.52902,0,-0.28501,0.88936,-0.35751,0,-208.5,381.11,179.74,1
-0.62965,0.10769,0.76938,0,0.72282,0.44418,0.52938,0,-0.28473,0.88944,-0.35752,0,-208.42,381.05,179.82,1
-0.62989,0.10752,0.76921,0,0.72267,0.44402,0.52971,0,-0.28459,0.88954,-0.35739,0,-208.32,380.96,179.92,1
-0.63006,0.1072,0.76911,0,0.72253,0.44388,0.53002,0,-0.28457,0.88965,-0.35712,0,-208.2,380.83,180.04,1
-0.63015,0.10671,0.76911,0,0.7224,0.44375,0.53031,0,-0.2847,0.88977,-0.35672,0,-208.07,380.66,180.18,1
-0.63017,0.10605,0.76918,0,0.72228,0.44364,0.53057,0,-0.28497,0.88991,-0.35616,0,-207.92,380.45,180.34,1
-0.63011,0.10522,0.76935,0,0.72216,0.44354,0.53081,0,-0.28538,0.89006,-0.35546,0,-207.76,380.19,180.53,1
-0.62997,0.1042,0.7696,0,0.72206,0.44345,0.53102,0,-0.28595,0.89022,-0.3546,0,-207.58,379.89,180.74,1
-0.62975,0.103,0.76994,0,0.72197,0.44339,0.5312,0,-0.28667,0.89039,-0.35358,0,-207.38,379.55,180.97,1
-0.62945,0.10161,0.77037,0,0.72188,0.44333,0.53136,0,-0.28754,0.89058,-0.3524,0,-207.16,379.16,181.22,1
-0.62906,0.10002,0.77089,0,0.72181,0.4433,0.53149,0,-0.28858,0.89078,-0.35106,0,-206.92,378.72,181.49,1
-0.62859,0.098245,0.77151,0,0.72174,0.44328,0.53159,0,-0.28977,0.89098,-0.34955,0,-206.67,378.24,181.79,1
-0.62802,0.096267,0.77222,0,0.72169,0.44328,0.53167,0,-0.29113,0.8912,-0.34786,0,-206.39,377.71,182.11,1
-0.62736,0.094085,0.77302,0,0.72164,0.4433,0.53171,0,-0.29265,0.89142,-0.346,0,-206.1,377.13,182.46,1
-0.62661,0.091697,0.77392,0,0.72161,0.44333,0.53173,0,-0.29434,0.89166,-0.34397,0,-205.78,376.49,182.83,1
-0.62576,0.089099,0.77491,0,0.72158,0.44338,0.53172,0,-0.29621,0.89189,-0.34175,0,-205.45,375.81,183.22,1
-0.62481,0.086289,0.77599,0,0.72157,0.44345,0.53168,0,-0.29824,0.89213,-0.33934,0,-205.09,375.08,183.63,1
-0.62376,0.083264,0.77717,0,0.72157,0.44354,0.53161,0,-0.30044,0.89238,-0.33674,0,-204.7,374.3,184.07,1
-0.6226,0.080022,0.77844,0,0.72157,0.44365,0.53151,0,-0.30282,0.89262,-0.33396,0,-204.3,373.46,184.54,1
-0.62133,0.07656,0.7798,0,0.72159,0.44378,0.53138,0,-0.30537,0.89286,-0.33098,0,-203.87,372.57,185.02,1
-0.61995,0.072876,0.78125,0,0.72162,0.44392,0.53122,0,-0.3081,0.8931,-0.3278,0,-203.42,371.63,185.53,1
-0.61845,0.068969,0.78279,0,0.72166,0.44409,0.53102,0,-0.311,0.89333,-0.32442,0,-202.94,370.64,186.07,1
-0.61683,0.064835,0.78442,0,0.72172,0.44427,0.5308,0,-0.31408,0.89354,-0.32083,0,-202.44,369.59,186.62,1
-0.61508,0.060476,0.78614,0,0.72178,0.44447,0.53054,0,-0.31733,0.89375,-0.31704,0,-201.91,368.49,187.2,1
-0.61321,0.055887,0.78794,0,0.72186,0.4447,0.53025,0,-0.32076,0.89394,-0.31304,0,-201.36,367.34,187.8,1
-0.61121,0.05107,0.78982,0,0.72195,0.44494,0.52992,0,-0.32436,0.8941,-0.30882,0,-200.78,366.13,188.42,1
-0.60908,0.046023,0.79178,0,0.72205,0.4452,0.52956,0,-0.32813,0.89425,-0.30439,0,-200.16,364.87,189.06,1
-0.6068,0.040745,0.79381,0,0.72217,0.44549,0.52917,0,-0.33207,0.89436,-0.29975,0,-199.52,363.55,189.73,1
-0.60438,0.035237,0.79592,0,0.72229,0.44579,0.52874,0,-0.33618,0.89444,-0.29488,0,-198.85,362.19,190.41,1
-0.60181,0.029497,0.79809,0,0.72243,0.44612,0.52827,0,-0.34046,0.89449,-0.28979,0,-198.15,360.76,191.11,1
-0.59909,0.023527,0.80034,0,0.72259,0.44646,0.52777,0,-0.3449,0.89449,-0.28447,0,-197.42,359.29,191.83,1
-0.59621,0.017326,0.80264,0,0.72276,0.44683,0.52723,0,-0.34951,0.89445,-0.27893,0,-196.66,357.76,192.57,1
-0.59317,0.010896,0.805,0,0.72294,0.44722,0.52665,0,-0.35427,0.89436,-0.27315,0,-195.86,356.18,193.33,1
-0.58997,0.0042375,0.80742,0,0.72313,0.44763,0.52603,0,-0.35919,0.89421,-0.26715,0,-195.03,354.55,194.1,1
-0.58659,-0.0026484,0.80988,0,0.72334,0.44806,0.52538,0,-0.36426,0.894,-0.26091,0,-194.16,352.86,194.89,1
-0.58304,-0.0097602,0.81239,0,0.72357,0.44851,0.52468,0,-0.36948,0.89373,-0.25443,0,-193.26,351.13,195.69,1
-0.5793,-0.017096,0.81493,0,0.72381,0.44898,0.52394,0,-0.37485,0.89338,-0.24772,0,-192.32,349.34,196.51,1
-0.57538,-0.024653,0.81751,0,0.72406,0.44947,0.52317,0,-0.38035,0.89295,-0.24077,0,-191.34,347.51,197.33,1
-0.57127,-0.03243,0.82012,0,0.72434,0.44999,0.52235,0,-0.38599,0.89244,-0.23358,0,-190.33,345.63,198.17,1
-0.56697,-0.040424,0.82275,0,0.72462,0.45053,0.52149,0,-0.39175,0.89185,-0.22614,0,-189.28,343.69,199.02,1
-0.56247,-0.048631,0.82539,0,0.72492,0.45109,0.52058,0,-0.39764,0.89115,-0.21847,0,-188.19,341.72,199.88,1
-0.55776,-0.057048,0.82804,0,0.72524,0.45167,0.51963,0,-0.40365,0.89036,-0.21055,0,-187.05,339.69,200.75,1
-0.55284,-0.065672,0.83069,0,0.72558,0.45228,0.51864,0,-0.40976,0.88946,-0.20239,0,-185.88,337.62,201.62,1
-0.54771,-0.074499,0.83334,0,0.72593,0.45291,0.5176,0,-0.41599,0.88844,-0.19398,0,-184.66,335.51,202.5,1
-0.54236,-0.083524,0.83598,0,0.72629,0.45356,0.51651,0,-0.42231,0.8873,-0.18533,0,-183.41,333.36,203.38,1
-0.53679,-0.092742,0.8386,0,0.72668,0.45423,0.51538,0,-0.42872,0.88604,-0.17643,0,-182.11,331.16,204.27,1
-0.53099,-0.10215,0.8412,0,0.72708,0.45493,0.5142,0,-0.43521,0.88465,-0.16729,0,-180.76,328.92,205.15,1
-0.52497,-0.11174,0.84376,0,0.72749,0.45565,0.51297,0,-0.44178,0.88312,-0.15791,0,-179.37,326.65,206.04,1
-0.5187,-0.12151,0.84628,0,0.72793,0.45639,0.51169,0,-0.44841,0.88144,-0.14828,0,-177.94,324.33,206.93,1
-0.5122,-0.13145,0.84875,0,0.72838,0.45716,0.51036,0,-0.4551,0.87962,-0.13841,0,-176.46,321.98,207.81,1
-0.50546,-0.14156,0.85116,0,0.72884,0.45795,0.50899,0,-0.46184,0.87763,-0.12831,0,-174.93,319.6,208.69,1
-0.49847,-0.15182,0.85351,0,0.72933,0.45877,0.50756,0,-0.46862,0.87549,-0.11796,0,-173.36,317.19,209.56,1
-0.49124,-0.16224,0.85578,0,0.72983,0.45961,0.50607,0,-0.47543,0.87318,-0.10737,0,-171.74,314.74,210.43,1
-0.48376,-0.1728,0.85797,0,0.73034,0.46048,0.50454,0,-0.48226,0.87069,-0.096553,0,-170.07,312.26,211.29,1
-0.47602,-0.1835,0.86008,0,0.73088,0.46137,0.50295,0,-0.4891,0.86802,-0.085502,0,-168.36,309.76,212.13,1
-0.46803,-0.19433,0.86208,0,0.73143,0.46228,0.50131,0,-0.49595,0.86518,-0.074221,0,-166.6,307.23,212.97,1
-0.45978,-0.20529,0.86398,0,0.73199,0.46322,0.49961,0,-0.50278,0.86214,-0.062715,0,-164.79,304.68,213.79,1
-0.45128,-0.21635,0.86576,0,0.73257,0.46419,0.49786,0,-0.50959,0.8589,-0.050986,0,-162.93,302.1,214.6,1
-0.44252,-0.22752,0.86742,0,0.73317,0.46518,0.49605,0,-0.51637,0.85547,-0.039039,0,-161.02,299.51,215.39,1
-0.4335,-0.23879,0.86894,0,0.73378,0.4662,0.49419,0,-0.52311,0.85184,-0.026878,0,-159.07,296.89,216.17,1
-0.42422,-0.25015,0.87032,0,0.73441,0.46725,0.49227,0,-0.5298,0.848,-0.014507,0,-157.07,294.26,216.92,1
-0.41469,-0.26158,0.87156,0,0.73504,0.46832,0.49029,0,-0.53642,0.84395,-0.0019326,0,-155.02,291.62,217.66,1
-0.40489,-0.27308,0.87263,0,0.7357,0.46942,0.48826,0,-0.54297,0.83969,0.010841,0,-152.92,288.96,218.37,1
-0.39484,-0.28464,0.87354,0,0.73636,0.47055,0.48617,0,-0.54943,0.8352,0.023809,0,-150.78,286.3,219.06,1
-0.38454,-0.29625,0.87428,0,0.73704,0.4717,0.48402,0,-0.55579,0.8305,0.036963,0,-148.59,283.62,219.72,1
-0.37399,-0.3079,0.87483,0,0.73773,0.47288,0.48181,0,-0.56204,0.82558,0.050298,0,-146.35,280.94,220.36,1
-0.36319,-0.31958,0.87519,0,0.73843,0.47409,0.47955,0,-0.56817,0.82043,0.063806,0,-144.07,278.26,220.97,1
-0.35214,-0.33128,0.87536,0,0.73914,0.47532,0.47723,0,-0.57417,0.81506,0.077482,0,-141.75,275.57,221.55,1
-0.34085,-0.34299,0.87532,0,0.73986,0.47658,0.47485,0,-0.58003,0.80946,0.091316,0,-139.38,272.89,222.11,1
-0.32933,-0.35469,0.87506,0,0.74058,0.47787,0.47241,0,-0.58573,0.80364,0.1053,0,-136.97,270.2,222.63,1
-0.31757,-0.36639,0.87459,0,0.74132,0.47919,0.46992,0,-0.59127,0.79758,0.11943,0,-134.51,267.52,223.12,1
-0.30559,-0.37806,0.87389,0,0.74205,0.48054,0.46737,0,-0.59663,0.7913,0.13369,0,-132.02,264.85,223.57,1
-0.29339,-0.38969,0.87296,0,0.7428,0.48191,0.46477,0,-0.60181,0.78479,0.14808,0,-129.48,262.18,224,1
-0.28097,-0.40129,0.87179,0,0.74355,0.48331,0.46211,0,-0.60679,0.77806,0.16258,0,-126.91,259.53,224.38,1
-0.26835,-0.41283,0.87038,0,0.7443,0.48474,0.4594,0,-0.61156,0.7711,0.17719,0,-124.3,256.89,224.73,1
-0.25553,-0.42431,0.86871,0,0.74505,0.48619,0.45663,0,-0.61612,0.76392,0.1919,0,-121.66,254.26,225.05,1
-0.24252,-0.43572,0.8668,0,0.74581,0.48768,0.45381,0,-0.62045,0.75652,0.20669,0,-118.98,251.65,225.32,1
-0.22932,-0.44704,0.86462,0,0.74656,0.48919,0.45094,0,-0.62455,0.7489,0.22156,0,-116.27,249.05,225.56,1
-0.21596,-0.45827,0.86218,0,0.74731,0.49072,0.44801,0,-0.6284,0.74107,0.23649,0,-113.52,246.48,225.76,1
-0.20243,-0.46939,0.85947,0,0.74806,0.49228,0.44504,0,-0.632,0.73303,0.25148,0,-110.75,243.93,225.92,1
-0.18875,-0.4804,0.8565,0,0.7488,0.49387,0.44202,0,-0.63535,0.72478,0.26651,0,-107.95,241.4,226.03,1
-0.17492,-0.4913,0.85325,0,0.74954,0.49548,0.43896,0,-0.63843,0.71633,0.28158,0,-105.12,238.89,226.11,1
-0.16096,-0.50206,0.84972,0,0.75027,0.49712,0.43585,0,-0.64123,0.70768,0.29667,0,-102.27,236.41,226.15,1
-0.14688,-0.51269,0.84592,0,0.751,0.49878,0.43269,0,-0.64376,0.69884,0.31176,0,-99.401,233.96,226.14,1
-0.13269,-0.52317,0.84184,0,0.75171,0.50046,0.4295,0,-0.646,0.68981,0.32687,0,-96.508,231.54,226.1,1
-0.11839,-0.53349,0.83748,0,0.75242,0.50217,0.42626,0,-0.64796,0.6806,0.34196,0,-93.595,229.15,226.01,1
-0.10401,-0.54366,0.83283,0,0.75311,0.5039,0.42299,0,-0.64962,0.67121,0.35703,0,-90.666,226.79,225.88,1
-0.089538,-0.55366,0.82791,0,0.75379,0.50565,0.41967,0,-0.65099,0.66165,0.37207,0,-87.721,224.46,225.72,1
-0.075002,-0.56349,0.82271,0,0.75445,0.50742,0.41632,0,-0.65205,0.65192,0.38707,0,-84.763,222.16,225.51,1
-0.060408,-0.57314,0.81723,0,0.7551,0.50921,0.41294,0,-0.65282,0.64204,0.40202,0,-81.793,219.9,225.25,1
-0.045766,-0.58261,0.81146,0,0.75574,0.51102,0.40953,0,-0.65327,0.632,0.41691,0,-78.813,217.67,224.96,1
-0.031088,-0.59188,0.80542,0,0.75636,0.51286,0.40608,0,-0.65342,0.62181,0.43173,0,-75.825,215.48,224.63,1
-0.016386,-0.60097,0.79911,0,0.75696,0.51471,0.40261,0,-0.65326,0.61149,0.44647,0,-72.83,213.33,224.26,1
-0.0016693,-0.60985,0.79252,0,0.75754,0.51658,0.3991,0,-0.65279,0.60103,0.46112,0,-69.831,211.21,223.85,1
0.01305,-0.61853,0.78566,0,0.7581,0.51846,0.39558,0,-0.65201,0.59044,0.47567,0,-66.829,209.13,223.39,1
0.027762,-0.627,0.77853,0,0.75864,0.52036,0.39203,0,-0.65092,0.57974,0.49011,0,-63.825,207.09,222.9,1
0.042455,-0.63526,0.77113,0,0.75916,0.52228,0.38846,0,-0.64952,0.56892,0.50444,0,-60.821,205.09,222.38,1
0.057118,-0.64331,0.76347,0,0.75966,0.52421,0.38487,0,-0.64781,0.55799,0.51864,0,-57.82,203.13,221.81,1
0.071742,-0.65114,0.75556,0,0.76013,0.52616,0.38126,0,-0.6458,0.54697,0.5327,0,-54.822,201.2,221.21,1
0.086315,-0.65875,0.74739,0,0.76058,0.52811,0.37764,0,-0.64348,0.53586,0.54662,0,-51.83,199.32,220.57,1
0.10083,-0.66615,0.73897,0,0.76101,0.53008,0.37401,0,-0.64086,0.52465,0.56039,0,-48.844,197.47,219.9,1
0.11527,-0.67332,0.73031,0,0.76141,0.53206,0.37036,0,-0.63794,0.51338,0.574,0,-45.866,195.66,219.19,1
0.12963,-0.68026,0.72141,0,0.76179,0.53405,0.3667,0,-0.63473,0.50203,0.58745,0,-42.898,193.9,218.44,1
0.14391,-0.68699,0.71228,0,0.76214,0.53605,0.36304,0,-0.63122,0.49061,0.60072,0,-39.941,192.17,217.67,1
0.15808,-0.69349,0.70291,0,0.76246,0.53806,0.35937,0,-0.62742,0.47914,0.61381,0,-36.996,190.48,216.86,1
0.17214,-0.69976,0.69333,0,0.76276,0.54007,0.35569,0,-0.62335,0.46761,0.62672,0,-34.066,188.84,216.03,1
0.18609,-0.7058,0.68353,0,0.76303,0.54209,0.35202,0,-0.61899,0.45605,0.63943,0,-31.15,187.23,215.16,1
0.19991,-0.71163,0.67352,0,0.76328,0.54411,0.34834,0,-0.61436,0.44444,0.65195,0,-28.251,185.66,214.26,1
0.2136,-0.71722,0.6633,0,0.7635,0.54614,0.34467,0,-0.60946,0.43281,0.66425,0,-25.369,184.13,213.34,1
0.22715,-0.72259,0.65289,0,0.76369,0.54817,0.341,0,-0.6043,0.42115,0.67635,0,-22.506,182.64,212.38,1
0.24054,-0.72774,0.64228,0,0.76385,0.55021,0.33734,0,-0.59889,0.40947,0.68824,0,-19.663,181.18,211.41,1
0.25378,-0.73267,0.6315,0,0.76399,0.55224,0.33368,0,-0.59322,0.39778,0.6999,0,-16.841,179.77,210.4,1
0.26686,-0.73737,0.62054,0,0.7641,0.55428,0.33004,0,-0.58731,0.38608,0.71134,0,-14.04,178.39,209.38,1
0.27976,-0.74186,0.6094,0,0.76419,0.55631,0.3264,0,-0.58116,0.37438,0.72256,0,-11.263,177.05,208.33,1
0.29249,-0.74613,0.59811,0,0.76424,0.55834,0.32278,0,-0.57479,0.36269,0.73354,0,-8.5094,175.74,207.26,1
0.30504,-0.75019,0.58666,0,0.76427,0.56037,0.31918,0,-0.56819,0.35101,0.74428,0,-5.7804,174.47,206.16,1
0.31739,-0.75403,0.57507,0,0.76428,0.56239,0.31559,0,-0.56138,0.33935,0.75478,0,-3.0769,173.24,205.05,1
0.32955,-0.75766,0.56334,0,0.76426,0.56441,0.31201,0,-0.55435,0.32771,0.76505,0,-0.3996,172.04,203.92,1
0.34151,-0.76108,0.55147,0,0.76421,0.56642,0.30846,0,-0.54713,0.3161,0.77507,0,2.2507,170.88,202.78,1
0.35327,-0.7643,0.53948,0,0.76414,0.56843,0.30493,0,-0.53972,0.30451,0.78484,0,4.8733,169.75,201.61,1
0.36482,-0.76732,0.52738,0,0.76404,0.57043,0.30142,0,-0.53212,0.29297,0.79437,0,7.4677,168.65,200.44,1
0.37616,-0.77014,0.51516,0,0.76392,0.57242,0.29794,0,-0.52434,0.28147,0.80364,0,10.033,167.59,199.24,1
0.38728,-0.77276,0.50285,0,0.76377,0.5744,0.29448,0,-0.5164,0.27002,0.81266,0,12.569,166.56,198.04,1
0.39818,-0.77519,0.49044,0,0.7636,0.57637,0.29105,0,-0.5083,0.25861,0.82143,0,15.076,165.56,196.82,1
0.40886,-0.77743,0.47795,0,0.76341,0.57833,0.28765,0,-0.50004,0.24726,0.82995,0,17.551,164.59,195.6,1
0.41931,-0.77949,0.46538,0,0.7632,0.58027,0.28428,0,-0.49164,0.23597,0.83822,0,19.997,163.65,194.36,1
0.42954,-0.78136,0.45274,0,0.76296,0.5822,0.28094,0,-0.4831,0.22475,0.84623,0,22.411,162.74,193.11,1
0.43953,-0.78306,0.44004,0,0.76271,0.58412,0.27763,0,-0.47444,0.21359,0.85398,0,24.793,161.86,191.86,1
0.4493,-0.78458,0.42728,0,0.76243,0.58603,0.27436,0,-0.46565,0.2025,0.86149,0,27.144,161.01,190.6,1
0.45883,-0.78593,0.41447,0,0.76213,0.58792,0.27112,0,-0.45676,0.19149,0.86874,0,29.463,160.18,189.34,1
0.46813,-0.78711,0.40163,0,0.76182,0.58979,0.26791,0,-0.44776,0.18055,0.87574,0,31.75,159.38,188.07,1
0.47719,-0.78814,0.38875,0,0.76149,0.59165,0.26475,0,-0.43866,0.16969,0.88249,0,34.004,158.61,186.8,1
0.48602,-0.789,0.37585,0,0.76114,0.59348,0.26162,0,-0.42948,0.15892,0.88898,0,36.227,157.86,185.53,1
0.49461,-0.78971,0.36293,0,0.76077,0.5953,0.25853,0,-0.42021,0.14823,0.89524,0,38.416,157.14,184.25,1
0.50297,-0.79027,0.35,0,0.76039,0.59711,0.25548,0,-0.41088,0.13764,0.90124,0,40.573,156.44,182.97,1
0.5111,-0.79068,0.33706,0,0.76,0.59889,0.25247,0,-0.40148,0.12713,0.907,0,42.697,155.77,181.7,1
0.51899,-0.79095,0.32412,0,0.75959,0.60065,0.2495,0,-0.39203,0.11671,0.91252,0,44.789,155.12,180.42,1
0.52664,-0.79108,0.3112,0,0.75916,0.60239,0.24657,0,-0.38252,0.1064,0.9178,0,46.848,154.49,179.15,1
0.53406,-0.79107,0.29829,0,0.75873,0.60411,0.24369,0,-0.37297,0.096176,0.92284,0,48.874,153.88,177.88,1
0.54126,-0.79094,0.2854,0,0.75828,0.60581,0.24084,0,-0.36339,0.086055,0.92765,0,50.868,153.3,176.62,1
0.54822,-0.79068,0.27254,0,0.75782,0.60749,0.23805,0,-0.35378,0.076036,0.93223,0,52.83,152.73,175.36,1
0.55495,-0.7903,0.25972,0,0.75735,0.60914,0.23529,0,-0.34416,0.066121,0.93658,0,54.759,152.18,174.1,1
0.56146,-0.7898,0.24693,0,0.75687,0.61078,0.23258,0,-0.33451,0.05631,0.94071,0,56.656,151.66,172.85,1
0.56775,-0.78918,0.23419,0,0.75639,0.61238,0.22992,0,-0.32486,0.046606,0.94461,0,58.522,151.15,171.61,1
0.57382,-0.78846,0.22151,0,0.75589,0.61397,0.2273,0,-0.31521,0.037009,0.9483,0,60.355,150.66,170.38,1
0.57966,-0.78763,0.20888,0,0.75539,0.61553,0.22472,0,-0.30557,0.027522,0.95177,0,62.157,150.18,169.15,1
0.58529,-0.7867,0.19631,0,0.75489,0.61707,0.22219,0,-0.29594,0.018144,0.95504,0,63.928,149.72,167.93,1
0.59071,-0.78567,0.18381,0,0.75437,0.61859,0.21971,0,-0.28632,0.0088778,0.95809,0,65.668,149.28,166.72,1
0.59592,-0.78454,0.17139,0,0.75386,0.62008,0.21727,0,-0.27673,-0.00027654,0.96095,0,67.377,148.86,165.53,1
0.60092,-0.78333,0.15904,0,0.75334,0.62154,0.21488,0,-0.26717,-0.009318,0.9636,0,69.055,148.45,164.34,1
0.60572,-0.78202,0.14677,0,0.75281,0.62298,0.21253,0,-0.25764,-0.018246,0.96607,0,70.703,148.06,163.16,1
0.61032,-0.78064,0.13459,0,0.75228,0.6244,0.21023,0,-0.24816,-0.027059,0.96834,0,72.321,147.68,162,1
0.61472,-0.77917,0.1225,0,0.75175,0.62579,0.20798,0,-0.23871,-0.035757,0.97043,0,73.91,147.31,160.84,1
0.61893,-0.77763,0.11051,0,0.75122,0.62715,0.20577,0,-0.22932,-0.04434,0.97234,0,75.469,146.96,159.7,1
0.62295,-0.77602,0.098617,0,0.75069,0.6285,0.20361,0,-0.21998,-0.052807,0.97407,0,77,146.62,158.58,1
0.62679,-0.77434,0.086827,0,0.75016,0.62981,0.20149,0,-0.21071,-0.061157,0.97563,0,78.501,146.29,157.46,1
0.63044,-0.77259,0.075144,0,0.74963,0.6311,0.19942,0,-0.20149,-0.069391,0.97703,0,79.975,145.97,156.36,1
0.63392,-0.77078,0.063572,0,0.7491,0.63237,0.19739,0,-0.19234,-0.077508,0.97826,0,81.42,145.67,155.28,1
0.63723,-0.76891,0.052113,0,0.74857,0.63361,0.1954,0,-0.18327,-0.085507,0.97934,0,82.838,145.38,154.2,1
0.64037,-0.76699,0.040771,0,0.74804,0.63483,0.19346,0,-0.17427,-0.093389,0.98026,0,84.228,145.1,153.14,1
0.64334,-0.76501,0.029549,0,0.74751,0.63602,0.19157,0,-0.16534,-0.10115,0.98103,0,85.592,144.83,152.1,1
0.64615,-0.76299,0.01845,0,0.74699,0.63719,0.18971,0,-0.1565,-0.1088,0.98167,0,86.929,144.57,151.07,1
0.64881,-0.76091,0.0074767,0,0.74647,0.63834,0.1879,0,-0.14775,-0.11633,0.98216,0,88.239,144.32,150.06,1
0.65132,-0.7588,-0.0033686,0,0.74595,0.63946,0.18613,0,-0.13908,-0.12374,0.98252,0,89.524,144.08,149.06,1
0.65367,-0.75664,-0.014083,0,0.74544,0.64056,0.18439,0,-0.1305,-0.13103,0.98275,0,90.784,143.85,148.08,1
0.65589,-0.75445,-0.024666,0,0.74493,0.64164,0.1827,0,-0.12202,-0.13821,0.98286,0,92.018,143.63,147.11,1
0.65797,-0.75223,-0.035113,0,0.74442,0.64269,0.18105,0,-0.11363,-0.14527,0.98285,0,93.227,143.42,146.16,1
0.65991,-0.74997,-0.045423,0,0.74392,0.64372,0.17944,0,-0.10533,-0.15221,0.98272,0,94.412,143.22,145.23,1
0.66173,-0.74768,-0.055595,0,0.74343,0.64473,0.17787,0,-0.097142,-0.15903,0.98248,0,95.573,143.02,144.31,1
0.66341,-0.74537,-0.065626,0,0.74293,0.64572,0.17633,0,-0.089052,-0.16573,0.98214,0,96.71,142.84,143.4,1
0.66498,-0.74303,-0.075516,0,0.74245,0.64669,0.17483,0,-0.081066,-0.17232,0.9817,0,97.824,142.66,142.51,1
0.66643,-0.74067,-0.085261,0,0.74196,0.64764,0.17336,0,-0.073186,-0.17879,0.98116,0,98.914,142.5,141.64,1
0.66777,-0.7383,-0.094861,0,0.74149,0.64856,0.17193,0,-0.065413,-0.18515,0.98053,0,99.982,142.34,140.78,1
0.669,-0.73591,-0.10431,0,0.74102,0.64947,0.17054,0,-0.057749,-0.19139,0.97981,0,101.03,142.19,139.94,1
0.67012,-0.7335,-0.11362,0,0.74055,0.65036,0.16917,0,-0.050195,-0.19751,0.97902,0,102.05,142.04,139.12,1
0.67115,-0.73109,-0.12278,0,0.74009,0.65122,0.16785,0,-0.042754,-0.20351,0.97814,0,103.05,141.91,138.31,1
0.67207,-0.72866,-0.13178,0,0.73964,0.65207,0.16655,0,-0.035427,-0.20941,0.97719,0,104.03,141.78,137.52,1
0.67291,-0.72623,-0.14064,0,0.73919,0.6529,0.16529,0,-0.028214,-0.21518,0.97617,0,104.99,141.66,136.74,1
0.67365,-0.7238,-0.14934,0,0.73875,0.65371,0.16406,0,-0.021118,-0.22084,0.97508,0,105.92,141.55,135.98,1
0.67432,-0.72137,-0.15789,0,0.73831,0.65451,0.16286,0,-0.014139,-0.22639,0.97393,0,106.84,141.44,135.24,1
0.6749,-0.71893,-0.16629,0,0.73788,0.65528,0.16169,0,-0.007278,-0.23182,0.97273,0,107.73,141.34,134.51,1
0.6754,-0.7165,-0.17453,0,0.73745,0.65604,0.16055,0,-0.00053694,-0.23714,0.97148,0,108.6,141.25,133.8,1
0.67583,-0.71408,-0.18261,0,0.73703,0.65678,0.15944,0,0.0060835,-0.24234,0.97017,0,109.46,141.16,133.1,1
0.67619,-0.71166,-0.19054,0,0.73662,0.6575,0.15836,0,0.012583,-0.24744,0.96882,0,110.29,141.08,132.43,1
0.67648,-0.70926,-0.19831,0,0.73622,0.65821,0.15731,0,0.018959,-0.25242,0.96743,0,111.1,141.01,131.76,1
0.67671,-0.70686,-0.20593,0,0.73582,0.6589,0.15629,0,0.025213,-0.25729,0.96601,0,111.9,140.94,131.12,1
0.67688,-0.70448,-0.21339,0,0.73542,0.65957,0.15529,0,0.031343,-0.26204,0.96455,0,112.67,140.88,130.49,1
0.677,-0.70212,-0.22069,0,0.73503,0.66023,0.15433,0,0.037348,-0.26669,0.96306,0,113.42,140.83,129.87,1
0.67706,-0.69977,-0.22783,0,0.73465,0.66088,0.15339,0,0.043227,-0.27123,0.96154,0,114.16,140.78,129.28,1
0.67708,-0.69744,-0.23481,0,0.73428,0.6615,0.15248,0,0.048982,-0.27566,0.96001,0,114.87,140.74,128.7,1
0.67705,-0.69514,-0.24163,0,0.73391,0.66212,0.1516,0,0.054609,-0.27998,0.95845,0,115.57,140.7,128.13,1
0.67698,-0.69286,-0.2483,0,0.73355,0.66271,0.15074,0,0.06011,-0.28419,0.95688,0,116.25,140.67,127.58,1
0.67686,-0.6906,-0.2548,0,0.73319,0.6633,0.14991,0,0.065483,-0.28829,0.9553,0,116.91,140.65,127.05,1
0.67672,-0.68837,-0.26115,0,0.73284,0.66386,0.1491,0,0.070729,-0.29228,0.95371,0,117.55,140.63,126.54,1
0.67653,-0.68617,-0.26734,0,0.7325,0.66442,0.14833,0,0.075846,-0.29617,0.95212,0,118.17,140.61,126.04,1
0.67632,-0.684,-0.27336,0,0.73216,0.66496,0.14757,0,0.080835,-0.29995,0.95052,0,118.78,140.6,125.56,1
0.67608,-0.68187,-0.27923,0,0.73183,0.66548,0.14685,0,0.085694,-0.30363,0.94893,0,119.37,140.59,125.09,1
0.67582,-0.67976,-0.28494,0,0.7315,0.66599,0.14614,0,0.090425,-0.3072,0.94734,0,119.94,140.59,124.65,1
0.67553,-0.6777,-0.29049,0,0.73118,0.66649,0.14547,0,0.095025,-0.31067,0.94576,0,120.49,140.6,124.21,1
0.67523,-0.67567,-0.29588,0,0.73087,0.66698,0.14482,0,0.099496,-0.31403,0.94418,0,121.02,140.61,123.8,1
0.67491,-0.67367,-0.30111,0,0.73056,0.66745,0.14419,0,0.10384,-0.31729,0.94263,0,121.54,140.62,123.4,1
0.67457,-0.67172,-0.30618,0,0.73026,0.66791,0.14359,0,0.10805,-0.32045,0.94108,0,122.04,140.64,123.02,1
0.67422,-0.66981,-0.31109,0,0.72996,0.66836,0.14301,0,0.11213,-0.3235,0.93956,0,122.52,140.66,122.66,1
0.67387,-0.66794,-0.31584,0,0.72968,0.66879,0.14246,0,0.11608,-0.32646,0.93806,0,122.99,140.68,122.31,1
0.67351,-0.66612,-0.32043,0,0.72939,0.66921,0.14193,0,0.1199,-0.32931,0.93658,0,123.43,140.71,121.98,1
0.67314,-0.66434,-0.32487,0,0.72912,0.66962,0.14142,0,0.12358,-0.33206,0.93513,0,123.86,140.75,121.67,1
0.67277,-0.6626,-0.32914,0,0.72884,0.67002,0.14094,0,0.12714,-0.33472,0.9337,0,124.28,140.79,121.37,1
0.6724,-0.66092,-0.33326,0,0.72858,0.6704,0.14049,0,0.13056,-0.33727,0.93231,0,124.68,140.83,121.09,1
0.67204,-0.65928,-0.33721,0,0.72832,0.67077,0.14006,0,0.13386,-0.33972,0.93095,0,125.06,140.87,120.83,1
0.67167,-0.6577,-0.34101,0,0.72807,0.67113,0.13965,0,0.13702,-0.34208,0.92963,0,125.42,140.92,120.59,1
0.67132,-0.65616,-0.34466,0,0.72782,0.67148,0.13927,0,0.14005,-0.34434,0.92834,0,125.77,140.97,120.36,1
0.67097,-0.65468,-0.34814,0,0.72758,0.67182,0.13891,0,0.14294,-0.3465,0.92709,0,126.1,141.03,120.15,1
0.67063,-0.65324,-0.35146,0,0.72734,0.67214,0.13858,0,0.14571,-0.34857,0.92589,0,126.42,141.09,119.96,1
0.6703,-0.65187,-0.35463,0,0.72711,0.67245,0.13827,0,0.14834,-0.35054,0.92473,0,126.71,141.15,119.78,1
0.66999,-0.65055,-0.35764,0,0.72689,0.67275,0.13798,0,0.15084,-0.35241,0.92361,0,127,141.22,119.63,1
0.66969,-0.64928,-0.36049,0,0.72667,0.67304,0.13772,0,0.15321,-0.35419,0.92254,0,127.26,141.28,119.49,1
0.6694,-0.64807,-0.36319,0,0.72646,0.67332,0.13748,0,0.15544,-0.35587,0.92152,0,127.51,141.35,119.37,1
0.66914,-0.64692,-0.36573,0,0.72625,0.67359,0.13727,0,0.15755,-0.35746,0.92054,0,127.75,141.43,119.26,1
0.66889,-0.64582,-0.36811,0,0.72605,0.67384,0.13708,0,0.15952,-0.35896,0.91962,0,127.96,141.5,119.18,1
0.66866,-0.64479,-0.37033,0,0.72585,0.67409,0.13692,0,0.16135,-0.36036,0.91875,0,128.17,141.58,119.11,1
0.66845,-0.64381,-0.3724,0,0.72566,0.67432,0.13678,0,0.16305,-0.36167,0.91794,0,128.35,141.66,119.06,1
0.66827,-0.64289,-0.37431,0,0.72548,0.67454,0.13667,0,0.16462,-0.36288,0.91718,0,128.52,141.75,119.03,1
0.66811,-0.64204,-0.37606,0,0.7253,0.67475,0.13658,0,0.16605,-0.364,0.91648,0,128.68,141.83,119.02,1
0.66797,-0.64125,-0.37765,0,0.72513,0.67495,0.13652,0,0.16735,-0.36504,0.91583,0,128.81,141.92,119.02,1
0.66786,-0.64051,-0.37909,0,0.72496,0.67513,0.13648,0,0.16852,-0.36597,0.91524,0,128.94,142.01,119.05,1
0.66777,-0.63984,-0.38037,0,0.7248,0.67531,0.13647,0,0.16955,-0.36682,0.91471,0,129.04,142.1,119.09,1
0.66771,-0.63924,-0.38149,0,0.72465,0.67547,0.13648,0,0.17044,-0.36758,0.91424,0,129.13,142.2,119.15,1
0.66768,-0.6387,-0.38246,0,0.7245,0.67562,0.13652,0,0.1712,-0.36824,0.91383,0,129.2,142.29,119.23,1
0.66767,-0.63822,-0.38326,0,0.72435,0.67576,0.13659,0,0.17182,-0.36882,0.91348,0,129.26,142.39,119.33,1
0.6677,-0.6378,-0.38391,0,0.72422,0.67589,0.13668,0,0.17231,-0.3693,0.9132,0,129.3,142.49,119.45,1
0.66775,-0.63745,-0.38441,0,0.72409,0.67601,0.1368,0,0.17266,-0.36969,0.91297,0,129.33,142.59,119.59,1
0.66783,-0.63716,-0.38474,0,0.72396,0.67611,0.13695,0,0.17287,-0.36999,0.91281,0,129.34,142.69,119.75,1
0.66794,-0.63694,-0.38491,0,0.72384,0.6762,0.13712,0,0.17294,-0.3702,0.91271,0,129.33,142.8,119.93,1
0.66808,-0.63679,-0.38493,0,0.72373,0.67629,0.13732,0,0.17288,-0.37032,0.91267,0,129.31,142.9,120.12,1
0.66825,-0.6367,-0.38479,0,0.72362,0.67635,0.13755,0,0.17268,-0.37035,0.9127,0,129.27,143.01,120.34,1
0.66845,-0.63667,-0.38449,0,0.72352,0.67641,0.1378,0,0.17234,-0.37029,0.91279,0,129.22,143.11,120.58,1
0.66867,-0.63671,-0.38402,0,0.72343,0.67645,0.13808,0,0.17185,-0.37014,0.91294,0,129.15,143.22,120.84,1
0.66893,-0.63682,-0.3834,0,0.72334,0.67648,0.13839,0,0.17123,-0.3699,0.91315,0,129.06,143.33,121.11,1
0.66921,-0.63699,-0.38262,0,0.72325,0.6765,0.13873,0,0.17047,-0.36957,0.91343,0,128.96,143.44,121.41,1
0.66952,-0.63723,-0.38168,0,0.72318,0.67651,0.1391,0,0.16957,-0.36915,0.91377,0,128.84,143.55,121.73,1
0.66986,-0.63754,-0.38057,0,0.72311,0.6765,0.1395,0,0.16852,-0.36864,0.91417,0,128.7,143.66,122.07,1
