0.78121,0.16605,0.60178,0,-0.035469,0.97422,-0.22278,0,-0.62326,0.15269,0.76696,0,-47.185,357.33,39.185,1
0.78306,0.1643,0.59985,0,-0.034511,0.97447,-0.22187,0,-0.62099,0.15303,0.76874,0,-46.286,357.75,39.641,1
0.78493,0.16252,0.59789,0,-0.033547,0.97472,-0.22091,0,-0.61868,0.15334,0.77054,0,-45.375,358.17,40.104,1
0.78681,0.1607,0.59591,0,-0.032579,0.97498,-0.21991,0,-0.61634,0.15362,0.77235,0,-44.453,358.6,40.574,1
0.7887,0.15885,0.59391,0,-0.031607,0.97524,-0.21887,0,-0.61397,0.15385,0.77419,0,-43.518,359.01,41.051,1
0.79059,0.15696,0.59188,0,-0.030633,0.97552,-0.21778,0,-0.61157,0.15404,0.77605,0,-42.572,359.43,41.535,1
0.7925,0.15503,0.58983,0,-0.029656,0.9758,-0.21663,0,-0.60915,0.15419,0.77792,0,-41.613,359.84,42.027,1
0.79442,0.15307,0.58776,0,-0.028678,0.9761,-0.21543,0,-0.60669,0.15429,0.77982,0,-40.644,360.25,42.526,1
0.79635,0.15106,0.58567,0,-0.027699,0.9764,-0.21418,0,-0.6042,0.15434,0.78174,0,-39.662,360.66,43.033,1
0.79828,0.14902,0.58356,0,-0.026722,0.97672,-0.21287,0,-0.60169,0.15434,0.78368,0,-38.67,361.06,43.547,1
0.80022,0.14694,0.58142,0,-0.025745,0.97704,-0.2115,0,-0.59915,0.15428,0.78563,0,-37.666,361.45,44.07,1
0.80217,0.14483,0.57926,0,-0.024771,0.97737,-0.21006,0,-0.59658,0.15416,0.78761,0,-36.651,361.84,44.601,1
0.80413,0.14267,0.57708,0,-0.023801,0.97772,-0.20856,0,-0.59398,0.15397,0.78961,0,-35.624,362.23,45.14,1
0.80609,0.14048,0.57488,0,-0.022834,0.97808,-0.20699,0,-0.59135,0.15372,0.79162,0,-34.587,362.6,45.688,1
0.80806,0.13825,0.57266,0,-0.021873,0.97845,-0.20534,0,-0.5887,0.1534,0.79366,0,-33.54,362.97,46.245,1
0.81003,0.13597,0.57041,0,-0.020918,0.97882,-0.20363,0,-0.58602,0.15301,0.79572,0,-32.481,363.34,46.81,1
0.812,0.13366,0.56814,0,-0.019969,0.97922,-0.20183,0,-0.58331,0.15254,0.79779,0,-31.412,363.69,47.386,1
0.81398,0.13131,0.56586,0,-0.019029,0.97962,-0.19996,0,-0.58058,0.152,0.79989,0,-30.333,364.04,47.97,1
0.81596,0.12893,0.56355,0,-0.018098,0.98003,-0.198,0,-0.57782,0.15136,0.802,0,-29.244,364.37,48.565,1
0.81794,0.1265,0.56122,0,-0.017176,0.98046,-0.19596,0,-0.57504,0.15065,0.80413,0,-28.145,364.7,49.169,1
0.81993,0.12403,0.55887,0,-0.016264,0.9809,-0.19383,0,-0.57223,0.14984,0.80629,0,-27.037,365.01,49.784,1
0.82191,0.12152,0.5565,0,-0.015364,0.98135,-0.19161,0,-0.5694,0.14894,0.80845,0,-25.919,365.32,50.408,1
0.8239,0.11898,0.5541,0,-0.014475,0.98181,-0.1893,0,-0.56655,0.14794,0.81064,0,-24.791,365.61,51.044,1
0.82589,0.1164,0.55169,0,-0.013599,0.98229,-0.18688,0,-0.56367,0.14684,0.81284,0,-23.655,365.89,51.69,1
0.82787,0.11377,0.54925,0,-0.012735,0.98277,-0.18438,0,-0.56077,0.14565,0.81506,0,-22.509,366.16,52.346,1
0.82986,0.11111,0.5468,0,-0.011885,0.98327,-0.18177,0,-0.55785,0.14434,0.8173,0,-21.355,366.41,53.014,1
0.83184,0.10841,0.54432,0,-0.011048,0.98378,-0.17906,0,-0.5549,0.14293,0.81954,0,-20.192,366.65,53.693,1
0.83382,0.10568,0.54183,0,-0.010226,0.98429,-0.17624,0,-0.55194,0.14141,0.82181,0,-19.021,366.88,54.383,1
0.8358,0.1029,0.53931,0,-0.0094174,0.98482,-0.17331,0,-0.54896,0.13978,0.82408,0,-17.842,367.09,55.084,1
0.83777,0.10009,0.53677,0,-0.0086237,0.98536,-0.17028,0,-0.54595,0.13803,0.82637,0,-16.656,367.28,55.796,1
0.83974,0.097246,0.53421,0,-0.0078448,0.9859,-0.16714,0,-0.54293,0.13616,0.82866,0,-15.462,367.46,56.52,1
0.8417,0.094363,0.53163,0,-0.007081,0.98645,-0.16388,0,-0.53989,0.13418,0.83097,0,-14.26,367.63,57.256,1
0.84366,0.091445,0.52903,0,-0.0063322,0.98701,-0.16051,0,-0.53684,0.13207,0.83328,0,-13.051,367.78,58.003,1
0.84561,0.088492,0.52641,0,-0.0055986,0.98758,-0.15702,0,-0.53377,0.12983,0.83561,0,-11.836,367.91,58.762,1
0.84756,0.085506,0.52377,0,-0.0048803,0.98815,-0.15342,0,-0.53068,0.12748,0.83793,0,-10.614,368.02,59.533,1
0.8495,0.082486,0.5211,0,-0.0041772,0.98872,-0.1497,0,-0.52757,0.12499,0.84026,0,-9.3851,368.11,60.316,1
0.85143,0.079433,0.51842,0,-0.0034894,0.9893,-0.14585,0,-0.52446,0.12237,0.8426,0,-8.1506,368.19,61.11,1
0.85335,0.076349,0.51571,0,-0.0028167,0.98988,-0.14189,0,-0.52133,0.11963,0.84493,0,-6.9102,368.24,61.916,1
0.85527,0.073233,0.51299,0,-0.0021591,0.99046,-0.1378,0,-0.51819,0.11674,0.84726,0,-5.6643,368.28,62.734,1
0.85717,0.070087,0.51024,0,-0.0015165,0.99104,-0.13358,0,-0.51503,0.11373,0.84959,0,-4.4131,368.3,63.564,1
0.85907,0.066912,0.50747,0,-0.00088872,0.99161,-0.12924,0,-0.51187,0.11058,0.85192,0,-3.157,368.3,64.406,1
0.86095,0.063709,0.50468,0,-0.00027554,0.99218,-0.12478,0,-0.50869,0.10729,0.85424,0,-1.896,368.27,65.259,1
0.86282,0.060478,0.50187,0,0.0003232,0.99275,-0.12019,0,-0.50551,0.10386,0.85655,0,-0.63064,368.23,66.124,1
0.86469,0.05722,0.49904,0,0.00090773,0.99331,-0.11547,0,-0.50231,0.10029,0.85885,0,0.63891,368.16,67.001,1
0.86654,0.053937,0.49619,0,0.0014783,0.99386,-0.11062,0,-0.49911,0.096587,0.86114,0,1.9124,368.07,67.89,1
0.86837,0.05063,0.49332,0,0.0020352,0.9944,-0.10564,0,-0.4959,0.092739,0.86341,0,3.1894,367.96,68.79,1
0.8702,0.047299,0.49042,0,0.0025786,0.99493,-0.10053,0,-0.49269,0.088749,0.86567,0,4.4697,367.83,69.701,1
0.87201,0.043947,0.4875,0,0.003109,0.99544,-0.095297,0,-0.48947,0.084616,0.8679,0,5.7531,367.67,70.624,1
0.87381,0.040573,0.48457,0,0.0036265,0.99594,-0.089931,0,-0.48625,0.08034,0.87012,0,7.0392,367.49,71.558,1
0.8756,0.03718,0.48161,0,0.0041316,0.99642,-0.084434,0,-0.48302,0.07592,0.87231,0,8.3276,367.29,72.504,1
0.87737,0.033768,0.47863,0,0.0046246,0.99688,-0.078808,0,-0.47979,0.071358,0.87448,0,9.6182,367.06,73.46,1
0.87913,0.030338,0.47562,0,0.0051058,0.99732,-0.073053,0,-0.47656,0.066651,0.87661,0,10.911,366.81,74.427,1
0.88087,0.026893,0.4726,0,0.0055756,0.99773,-0.067168,0,-0.47333,0.061801,0.87871,0,12.204,366.54,75.405,1
0.88259,0.023433,0.46955,0,0.0060343,0.99811,-0.061153,0,-0.4701,0.056807,0.88078,0,13.5,366.24,76.393,1
0.8843,0.01996,0.46648,0,0.0064824,0.99846,-0.055011,0,-0.46687,0.05167,0.88282,0,14.795,365.91,77.392,1
0.886,0.016475,0.4634,0,0.0069202,0.99879,-0.04874,0,-0.46364,0.04639,0.88481,0,16.092,365.56,78.401,1
0.88768,0.012979,0.46028,0,0.0073481,0.99908,-0.042342,0,-0.46041,0.040968,0.88676,0,17.389,365.18,79.419,1
0.88934,0.0094739,0.45715,0,0.0077664,0.99933,-0.035818,0,-0.45718,0.035405,0.88867,0,18.685,364.78,80.448,1
0.89098,0.0059612,0.454,0,0.0081756,0.99954,-0.029169,0,-0.45396,0.029701,0.89052,0,19.981,364.35,81.486,1
0.89261,0.0024424,0.45082,0,0.0085761,0.99971,-0.022396,0,-0.45075,0.023858,0.89233,0,21.277,363.9,82.533,1
0.89422,-0.0010812,0.44763,0,0.0089682,0.99984,-0.015501,0,-0.44754,0.017875,0.89409,0,22.571,363.42,83.59,1
0.89581,-0.004608,0.44441,0,0.0093523,0.99992,-0.0084838,0,-0.44434,0.011756,0.89578,0,23.864,362.91,84.655,1
0.89739,-0.0081365,0.44117,0,0.0097288,0.99995,-0.0013473,0,-0.44114,0.0055011,0.89742,0,25.155,362.37,85.728,1
0.89894,-0.011665,0.43791,0,0.010098,0.99993,0.0059072,0,-0.43795,-0.00088813,0.899,0,26.444,361.81,86.81,1
0.90048,-0.015192,0.43463,0,0.01046,0.99986,0.013278,0,-0.43477,-0.0074098,0.90051,0,27.731,361.22,87.899,1
0.902,-0.018717,0.43133,0,0.010816,0.99973,0.020762,0,-0.4316,-0.014062,0.90195,0,29.015,360.6,88.996,1
0.9035,-0.022237,0.42801,0,0.011166,0.99954,0.028359,0,-0.42845,-0.020843,0.90333,0,30.296,359.96,90.101,1
0.90498,-0.025751,0.42467,0,0.01151,0.99928,0.036065,0,-0.4253,-0.02775,0.90463,0,31.573,359.29,91.212,1
0.90644,-0.029257,0.42131,0,0.011848,0.99897,0.043879,0,-0.42216,-0.034782,0.90585,0,32.847,358.58,92.33,1
0.90789,-0.032753,0.41794,0,0.012181,0.99858,0.051797,0,-0.41904,-0.041934,0.907,0,34.116,357.86,93.454,1
0.90931,-0.036239,0.41454,0,0.01251,0.99813,0.059817,0,-0.41593,-0.049206,0.90806,0,35.381,357.1,94.584,1
0.91071,-0.039713,0.41112,0,0.012834,0.99761,0.067936,0,-0.41284,-0.056594,0.90904,0,36.641,356.32,95.719,1
0.9121,-0.043172,0.40769,0,0.013153,0.99701,0.076152,0,-0.40976,-0.064095,0.90994,0,37.896,355.5,96.86,1
0.91346,-0.046616,0.40424,0,0.013469,0.99634,0.08446,0,-0.4067,-0.071707,0.91074,0,39.145,354.66,98.005,1
0.91481,-0.050043,0.40077,0,0.013781,0.99558,0.092858,0,-0.40365,-0.079425,0.91146,0,40.389,353.8,99.154,1
0.91614,-0.05345,0.39729,0,0.014089,0.99475,0.10134,0,-0.40062,-0.087247,0.91208,0,41.626,352.9,100.31,1
0.91744,-0.056838,0.39379,0,0.014394,0.99384,0.10991,0,-0.39761,-0.095168,0.9126,0,42.856,351.97,101.46,1
0.91873,-0.060203,0.39028,0,0.014696,0.99284,0.11856,0,-0.39462,-0.10319,0.91303,0,44.079,351.02,102.62,1
0.91999,-0.063545,0.38675,0,0.014995,0.99175,0.12728,0,-0.39165,-0.1113,0.91336,0,45.295,350.04,103.79,1
0.92124,-0.066862,0.38321,0,0.015292,0.99058,0.13607,0,-0.3887,-0.1195,0.91358,0,46.502,349.03,104.95,1
0.92246,-0.070152,0.37966,0,0.015586,0.98932,0.14493,0,-0.38577,-0.12778,0.9137,0,47.702,348,106.12,1
0.92367,-0.073415,0.3761,0,0.015877,0.98797,0.15386,0,-0.38287,-0.13614,0.91372,0,48.893,346.93,107.29,1
0.92485,-0.076648,0.37253,0,0.016166,0.98652,0.16284,0,-0.37999,-0.14458,0.91362,0,50.075,345.84,108.45,1
0.92601,-0.07985,0.36895,0,0.016454,0.98498,0.17188,0,-0.37713,-0.15309,0.91342,0,51.247,344.72,109.62,1
0.92716,-0.08302,0.36536,0,0.016739,0.98335,0.18097,0,-0.3743,-0.16167,0.91311,0,52.41,343.58,110.79,1
0.92828,-0.086156,0.36176,0,0.017022,0.98162,0.1901,0,-0.37149,-0.17031,0.91268,0,53.562,342.4,111.96,1
0.92938,-0.089257,0.35816,0,0.017303,0.97979,0.19927,0,-0.36871,-0.17901,0.91215,0,54.704,341.2,113.13,1
0.93047,-0.092322,0.35455,0,0.017582,0.97787,0.20848,0,-0.36595,-0.18775,0.9115,0,55.834,339.98,114.29,1
0.93153,-0.095349,0.35094,0,0.017859,0.97585,0.21772,0,-0.36323,-0.19655,0.91073,0,56.953,338.73,115.45,1
0.93257,-0.098337,0.34734,0,0.018135,0.97373,0.22699,0,-0.36053,-0.20539,0.90985,0,58.06,337.45,116.61,1
0.93359,-0.10129,0.34373,0,0.018408,0.97151,0.23628,0,-0.35787,-0.21426,0.90886,0,59.154,336.14,117.77,1
0.93459,-0.10419,0.34012,0,0.018679,0.9692,0.24558,0,-0.35523,-0.22317,0.90775,0,60.236,334.81,118.92,1
0.93557,-0.10706,0.33652,0,0.018947,0.96678,0.25489,0,-0.35263,-0.2321,0.90652,0,61.304,333.46,120.07,1
0.93653,-0.10988,0.33292,0,0.019214,0.96427,0.26421,0,-0.35006,-0.24105,0.90518,0,62.358,332.08,121.22,1
0.93747,-0.11266,0.32933,0,0.019478,0.96167,0.27353,0,-0.34752,-0.25001,0.90373,0,63.398,330.67,122.36,1
0.93839,-0.11539,0.32575,0,0.019739,0.95896,0.28284,0,-0.34502,-0.25898,0.90216,0,64.423,329.24,123.49,1
0.93928,-0.11808,0.32218,0,0.019997,0.95617,0.29214,0,-0.34255,-0.26796,0.90047,0,65.432,327.79,124.62,1
0.94016,-0.12072,0.31863,0,0.020252,0.95328,0.30142,0,-0.34013,-0.27693,0.89868,0,66.426,326.31,125.74,1
0.94102,-0.12332,0.31509,0,0.020504,0.95029,0.31068,0,-0.33774,-0.2859,0.89677,0,67.404,324.81,126.85,1
0.94185,-0.12586,0.31156,0,0.020752,0.94722,0.31992,0,-0.33538,-0.29485,0.89475,0,68.364,323.29,127.96,1
0.94267,-0.12836,0.30806,0,0.020996,0.94406,0.32912,0,-0.33307,-0.30378,0.89263,0,69.307,321.75,129.06,1
0.94346,-0.13081,0.30458,0,0.021235,0.94081,0.33827,0,-0.3308,-0.31268,0.89039,0,70.232,320.18,130.15,1
0.94423,-0.13321,0.30113,0,0.02147,0.93748,0.34739,0,-0.32858,-0.32155,0.88806,0,71.138,318.6,131.23,1
0.94498,-0.13556,0.2977,0,0.0217,0.93406,0.35645,0,-0.32639,-0.33038,0.88562,0,72.025,316.99,132.3,1
0.94572,-0.13786,0.29431,0,0.021924,0.93057,0.36546,0,-0.32426,-0.33917,0.88308,0,72.892,315.36,133.36,1
0.94642,-0.14011,0.29095,0,0.022142,0.927,0.3744,0,-0.32217,-0.3479,0.88044,0,73.739,313.72,134.41,1
0.94711,-0.14232,0.28762,0,0.022354,0.92336,0.38328,0,-0.32012,-0.35658,0.87771,0,74.565,312.05,135.45,1
0.94778,-0.14447,0.28433,0,0.022558,0.91965,0.39208,0,-0.31813,-0.36519,0.87489,0,75.369,310.37,136.47,1
0.94842,-0.14657,0.28108,0,0.022755,0.91588,0.40081,0,-0.31619,-0.37374,0.87198,0,76.151,308.67,137.49,1
0.94905,-0.14863,0.27788,0,0.022944,0.91204,0.40945,0,-0.31429,-0.38221,0.86898,0,76.911,306.95,138.49,1
0.94965,-0.15063,0.27472,0,0.023123,0.90815,0.41801,0,-0.31245,-0.39061,0.86591,0,77.647,305.22,139.48,1
0.95023,-0.15259,0.27162,0,0.023293,0.9042,0.42647,0,-0.31067,-0.39892,0.86276,0,78.359,303.47,140.46,1
0.95079,-0.1545,0.26856,0,0.023452,0.9002,0.43484,0,-0.30894,-0.40714,0.85953,0,79.047,301.7,141.42,1
0.95133,-0.15636,0.26556,0,0.023601,0.89616,0.4431,0,-0.30727,-0.41527,0.85623,0,79.71,299.92,142.37,1
0.95185,-0.15817,0.26261,0,0.023737,0.89207,0.45127,0,-0.30565,-0.42331,0.85287,0,80.347,298.13,143.31,1
0.95234,-0.15994,0.25973,0,0.023861,0.88795,0.45933,0,-0.30409,-0.43124,0.84945,0,80.959,296.32,144.23,1
0.95282,-0.16167,0.2569,0,0.023971,0.88379,0.46727,0,-0.30259,-0.43907,0.84597,0,81.544,294.5,145.14,1
0.95327,-0.16335,0.25414,0,0.024066,0.8796,0.4751,0,-0.30115,-0.44679,0.84243,0,82.102,292.66,146.03,1
0.9537,-0.16499,0.25145,0,0.024147,0.87539,0.48282,0,-0.29977,-0.45439,0.83885,0,82.633,290.82,146.9,1
0.95412,-0.16659,0.24882,0,0.024212,0.87115,0.49041,0,-0.29846,-0.46189,0.83521,0,83.136,288.96,147.76,1
0.95451,-0.16815,0.24626,0,0.024261,0.8669,0.49789,0,-0.2972,-0.46926,0.83154,0,83.611,287.09,148.61,1
0.95487,-0.16967,0.24378,0,0.024292,0.86264,0.50524,0,-0.29602,-0.47651,0.82783,0,84.058,285.21,149.44,1
0.95522,-0.17115,0.24137,0,0.024305,0.85837,0.51246,0,-0.29489,-0.48364,0.82409,0,84.475,283.32,150.25,1
0.95555,-0.17259,0.23904,0,0.024299,0.85409,0.51955,0,-0.29383,-0.49065,0.82032,0,84.863,281.43,151.05,1
0.95585,-0.174,0.23679,0,0.024274,0.84982,0.52651,0,-0.29284,-0.49752,0.81653,0,85.221,279.52,151.83,1
0.95614,-0.17538,0.23461,0,0.024229,0.84555,0.53334,0,-0.29192,-0.50426,0.81271,0,85.549,277.61,152.59,1
0.9564,-0.17673,0.23252,0,0.024163,0.84129,0.54004,0,-0.29106,-0.51087,0.80888,0,85.846,275.68,153.34,1
0.95664,-0.17804,0.23052,0,0.024075,0.83705,0.5466,0,-0.29027,-0.51735,0.80504,0,86.113,273.75,154.07,1
0.95686,-0.17933,0.2286,0,0.023966,0.83282,0.55302,0,-0.28956,-0.52369,0.80119,0,86.348,271.82,154.78,1
0.95706,-0.18059,0.22677,0,0.023835,0.82862,0.55931,0,-0.28891,-0.52989,0.79734,0,86.552,269.88,155.47,1
0.95724,-0.18183,0.22502,0,0.023681,0.82444,0.56546,0,-0.28834,-0.53595,0.79349,0,86.724,267.93,156.15,1
0.95739,-0.18305,0.22337,0,0.023503,0.82029,0.57147,0,-0.28783,-0.54187,0.78964,0,86.865,265.98,156.81,1
0.95753,-0.18424,0.22181,0,0.023302,0.81617,0.57734,0,-0.2874,-0.54765,0.7858,0,86.972,264.02,157.45,1
0.95764,-0.18541,0.22034,0,0.023078,0.8121,0.58307,0,-0.28705,-0.55328,0.78197,0,87.048,262.07,158.07,1
0.95773,-0.18657,0.21897,0,0.022829,0.80806,0.58865,0,-0.28676,-0.55877,0.77816,0,87.09,260.1,158.67,1
0.9578,-0.18771,0.21769,0,0.022557,0.80407,0.5941,0,-0.28656,-0.56412,0.77437,0,87.1,258.14,159.26,1
0.95784,-0.18884,0.21651,0,0.02226,0.80013,0.59941,0,-0.28643,-0.56932,0.7706,0,87.077,256.17,159.82,1
0.95787,-0.18996,0.21542,0,0.021939,0.79624,0.60458,0,-0.28637,-0.57438,0.76686,0,87.02,254.2,160.37,1
0.95787,-0.19107,0.21444,0,0.021593,0.79241,0.6096,0,-0.2864,-0.57929,0.76315,0,86.93,252.23,160.9,1
0.95785,-0.19217,0.21355,0,0.021224,0.78864,0.61449,0,-0.2865,-0.58405,0.75947,0,86.807,250.26,161.41,1
0.9578,-0.19327,0.21276,0,0.02083,0.78493,0.61923,0,-0.28668,-0.58867,0.75583,0,86.65,248.29,161.9,1
0.95773,-0.19436,0.21207,0,0.020413,0.78129,0.62384,0,-0.28694,-0.59314,0.75223,0,86.459,246.32,162.38,1
0.95764,-0.19545,0.21149,0,0.019973,0.77771,0.62831,0,-0.28728,-0.59747,0.74867,0,86.235,244.35,162.83,1
0.95752,-0.19655,0.211,0,0.01951,0.77421,0.63263,0,-0.2877,-0.60164,0.74515,0,85.976,242.39,163.26,1
0.95738,-0.19764,0.21062,0,0.019024,0.77078,0.63682,0,-0.2882,-0.60567,0.74169,0,85.684,240.42,163.68,1
0.95721,-0.19875,0.21033,0,0.018517,0.76742,0.64087,0,-0.28879,-0.60956,0.73827,0,85.359,238.46,164.07,1
0.95702,-0.19986,0.21015,0,0.017988,0.76415,0.64479,0,-0.28945,-0.6133,0.7349,0,84.999,236.5,164.45,1
0.95681,-0.20097,0.21007,0,0.01744,0.76096,0.64857,0,-0.2902,-0.61689,0.73159,0,84.606,234.55,164.8,1
0.95656,-0.2021,0.21009,0,0.016871,0.75785,0.65221,0,-0.29103,-0.62034,0.72834,0,84.179,232.6,165.14,1
0.9563,-0.20325,0.21021,0,0.016284,0.75482,0.65573,0,-0.29195,-0.62364,0.72514,0,83.719,230.65,165.46,1
0.956,-0.2044,0.21044,0,0.01568,0.75189,0.6591,0,-0.29295,-0.6268,0.72201,0,83.225,228.71,165.75,1
0.95568,-0.20558,0.21076,0,0.015059,0.74904,0.66235,0,-0.29403,-0.62982,0.71894,0,82.698,226.78,166.03,1
0.95533,-0.20677,0.21118,0,0.014422,0.74629,0.66547,0,-0.2952,-0.63269,0.71593,0,82.138,224.85,166.28,1
0.95495,-0.20798,0.2117,0,0.013772,0.74363,0.66845,0,-0.29645,-0.63542,0.71299,0,81.545,222.93,166.52,1
0.95454,-0.20922,0.21232,0,0.013108,0.74106,0.67131,0,-0.29779,-0.63801,0.71011,0,80.92,221.02,166.74,1
0.9541,-0.21048,0.21303,0,0.012434,0.73859,0.67404,0,-0.29922,-0.64046,0.70731,0,80.262,219.12,166.93,1
0.95364,-0.21176,0.21385,0,0.011749,0.73621,0.67665,0,-0.30073,-0.64276,0.70457,0,79.572,217.22,167.11,1
0.95314,-0.21308,0.21475,0,0.011056,0.73394,0.67913,0,-0.30232,-0.64493,0.7019,0,78.851,215.34,167.26,1
0.95261,-0.21442,0.21576,0,0.010356,0.73176,0.68149,0,-0.304,-0.64696,0.6993,0,78.098,213.46,167.39,1
0.95206,-0.21579,0.21685,0,0.0096518,0.72968,0.68373,0,-0.30577,-0.64885,0.69678,0,77.314,211.59,167.51,1
0.95147,-0.21719,0.21803,0,0.0089439,0.72769,0.68584,0,-0.30762,-0.65061,0.69432,0,76.499,209.74,167.6,1
0.95085,-0.21862,0.21931,0,0.0082346,0.72581,0.68784,0,-0.30956,-0.65223,0.69194,0,75.654,207.89,167.67,1
0.95019,-0.22009,0.22067,0,0.0075258,0.72403,0.68973,0,-0.31158,-0.65371,0.68963,0,74.78,206.06,167.73,1
0.9495,-0.2216,0.22212,0,0.0068194,0.72235,0.69149,0,-0.31368,-0.65506,0.68739,0,73.876,204.24,167.76,1
0.94878,-0.22314,0.22366,0,0.0061175,0.72077,0.69315,0,-0.31587,-0.65628,0.68522,0,72.943,202.44,167.77,1
0.94803,-0.22472,0.22527,0,0.005422,0.71929,0.69469,0,-0.31814,-0.65736,0.68312,0,71.983,200.64,167.76,1
0.94724,-0.22633,0.22697,0,0.0047351,0.71791,0.69612,0,-0.3205,-0.65832,0.6811,0,70.994,198.87,167.73,1
0.94641,-0.22799,0.22875,0,0.0040589,0.71663,0.69745,0,-0.32294,-0.65914,0.67915,0,69.979,197.1,167.68,1
0.94555,-0.22968,0.2306,0,0.0033956,0.71544,0.69866,0,-0.32545,-0.65984,0.67727,0,68.937,195.35,167.61,1
0.94466,-0.23142,0.23253,0,0.0027473,0.71436,0.69978,0,-0.32805,-0.66041,0.67546,0,67.869,193.62,167.52,1
0.94373,-0.23319,0.23453,0,0.0021163,0.71337,0.70079,0,-0.33072,-0.66086,0.67372,0,66.776,191.9,167.41,1
0.94276,-0.23501,0.2366,0,0.0015048,0.71247,0.7017,0,-0.33347,-0.66118,0.67204,0,65.659,190.2,167.28,1
0.94175,-0.23687,0.23873,0,0.00091495,0.71167,0.70251,0,-0.3363,-0.66137,0.67044,0,64.519,188.52,167.13,1
0.94071,-0.23877,0.24093,0,0.00034905,0.71097,0.70323,0,-0.3392,-0.66145,0.6689,0,63.355,186.85,166.97,1
0.93964,-0.24071,0.24319,0,-0.00019072,0.71035,0.70385,0,-0.34218,-0.66141,0.66742,0,62.17,185.2,166.78,1
0.93852,-0.2427,0.24551,0,-0.00070214,0.70983,0.70438,0,-0.34522,-0.66124,0.66602,0,60.964,183.57,166.57,1
0.93737,-0.24473,0.24789,0,-0.001183,0.70939,0.70482,0,-0.34834,-0.66097,0.66467,0,59.737,181.96,166.34,1
0.93618,-0.2468,0.25032,0,-0.0016313,0.70904,0.70517,0,-0.35152,-0.66057,0.66338,0,58.491,180.37,166.1,1
0.93495,-0.24891,0.2528,0,-0.0020448,0.70877,0.70544,0,-0.35476,-0.66007,0.66216,0,57.227,178.8,165.83,1
0.93369,-0.25106,0.25532,0,-0.0024214,0.70859,0.70562,0,-0.35807,-0.65945,0.66099,0,55.945,177.24,165.55,1
0.93239,-0.25325,0.25789,0,-0.0027593,0.70848,0.70572,0,-0.36144,-0.65872,0.65988,0,54.647,175.71,165.25,1
0.93106,-0.25549,0.2605,0,-0.0030564,0.70845,0.70575,0,-0.36486,-0.65789,0.65883,0,53.333,174.2,164.93,1
0.92968,-0.25776,0.26315,0,-0.0033109,0.7085,0.7057,0,-0.36834,-0.65695,0.65783,0,52.006,172.71,164.59,1
0.92828,-0.26007,0.26583,0,-0.003521,0.70862,0.70558,0,-0.37187,-0.65591,0.65688,0,50.665,171.23,164.24,1
0.92684,-0.26242,0.26854,0,-0.0036851,0.70881,0.70539,0,-0.37545,-0.65477,0.65598,0,49.311,169.79,163.87,1
0.92536,-0.26481,0.27127,0,-0.0038016,0.70907,0.70513,0,-0.37907,-0.65353,0.65513,0,47.947,168.36,163.49,1
0.92385,-0.26723,0.27403,0,-0.003869,0.70938,0.70481,0,-0.38274,-0.6522,0.65433,0,46.573,166.95,163.08,1
0.9223,-0.26968,0.27681,0,-0.003886,0.70976,0.70443,0,-0.38645,-0.65077,0.65357,0,45.191,165.57,162.67,1
0.92073,-0.27217,0.27961,0,-0.0038514,0.7102,0.70399,0,-0.39019,-0.64926,0.65285,0,43.801,164.21,162.23,1
0.91912,-0.27469,0.28242,0,-0.0037641,0.71069,0.70349,0,-0.39396,-0.64766,0.65218,0,42.405,162.87,161.79,1
0.91748,-0.27724,0.28524,0,-0.0036232,0.71123,0.70295,0,-0.39776,-0.64598,0.65154,0,41.004,161.55,161.33,1
0.91582,-0.27982,0.28806,0,-0.0034279,0.71182,0.70235,0,-0.40158,-0.64422,0.65094,0,39.599,160.25,160.86,1
0.91413,-0.28242,0.29088,0,-0.0031776,0.71245,0.70171,0,-0.40542,-0.64238,0.65037,0,38.193,158.98,160.37,1
0.91241,-0.28505,0.2937,0,-0.0028719,0.71312,0.70103,0,-0.40927,-0.64047,0.64984,0,36.785,157.73,159.87,1
0.91066,-0.2877,0.29652,0,-0.0025105,0.71383,0.70031,0,-0.41314,-0.63849,0.64934,0,35.378,156.5,159.36,1
0.9089,-0.29037,0.29932,0,-0.0020933,0.71457,0.69956,0,-0.41702,-0.63645,0.64886,0,33.972,155.29,158.84,1
0.90711,-0.29306,0.30211,0,-0.0016203,0.71534,0.69877,0,-0.42089,-0.63435,0.64842,0,32.57,154.11,158.31,1
0.9053,-0.29576,0.30489,0,-0.0010917,0.71614,0.69796,0,-0.42477,-0.63219,0.648,0,31.171,152.95,157.78,1
0.90348,-0.29848,0.30764,0,-0.00050784,0.71696,0.69711,0,-0.42864,-0.62998,0.6476,0,29.778,151.81,157.23,1
0.90163,-0.30121,0.31037,0,0.00013074,0.7178,0.69625,0,-0.4325,-0.62772,0.64723,0,28.392,150.69,156.67,1
0.89978,-0.30395,0.31307,0,0.00082342,0.71866,0.69536,0,-0.43635,-0.62541,0.64688,0,27.013,149.59,156.11,1
0.89791,-0.3067,0.31575,0,0.0015694,0.71953,0.69446,0,-0.44018,-0.62307,0.64655,0,25.644,148.52,155.54,1
0.89603,-0.30946,0.31839,0,0.0023678,0.72041,0.69354,0,-0.44399,-0.62068,0.64624,0,24.284,147.46,154.96,1
0.89414,-0.31222,0.32099,0,0.0032175,0.7213,0.69262,0,-0.44778,-0.61826,0.64595,0,22.935,146.43,154.38,1
0.89224,-0.31498,0.32356,0,0.0041173,0.72219,0.69168,0,-0.45154,-0.61581,0.64567,0,21.599,145.42,153.8,1
0.89034,-0.31774,0.32609,0,0.005066,0.72309,0.69073,0,-0.45527,-0.61334,0.64541,0,20.275,144.43,153.21,1
0.88844,-0.32049,0.32858,0,0.006062,0.72399,0.68978,0,-0.45896,-0.61084,0.64516,0,18.966,143.45,152.62,1
0.88653,-0.32324,0.33102,0,0.0071039,0.72489,0.68883,0,-0.46261,-0.60832,0.64493,0,17.672,142.5,152.03,1
0.88463,-0.32599,0.33341,0,0.00819,0.72578,0.68788,0,-0.46622,-0.60579,0.64471,0,16.394,141.57,151.43,1
0.88273,-0.32872,0.33576,0,0.0093186,0.72666,0.68693,0,-0.46979,-0.60324,0.64451,0,15.133,140.66,150.83,1
0.88083,-0.33144,0.33806,0,0.010488,0.72754,0.68598,0,-0.47331,-0.60069,0.64432,0,13.889,139.77,150.24,1
0.87894,-0.33415,0.3403,0,0.011696,0.72841,0.68505,0,-0.47678,-0.59814,0.64414,0,12.664,138.89,149.64,1
0.87706,-0.33685,0.34248,0,0.01294,0.72926,0.68412,0,-0.4802,-0.59558,0.64396,0,11.459,138.04,149.05,1
0.87519,-0.33952,0.34462,0,0.014219,0.7301,0.68319,0,-0.48356,-0.59303,0.6438,0,10.274,137.2,148.46,1
0.87334,-0.34218,0.34669,0,0.015531,0.73092,0.68229,0,-0.48687,-0.59048,0.64366,0,9.1099,136.38,147.87,1
0.8715,-0.34481,0.3487,0,0.016873,0.73172,0.68139,0,-0.49011,-0.58795,0.64351,0,7.9675,135.58,147.28,1
0.86968,-0.34742,0.35066,0,0.018242,0.73251,0.68051,0,-0.49329,-0.58543,0.64338,0,6.8477,134.79,146.7,1
0.86787,-0.35001,0.35255,0,0.019638,0.73327,0.67965,0,-0.4964,-0.58293,0.64326,0,5.7509,134.02,146.13,1
0.86609,-0.35257,0.35438,0,0.021057,0.73402,0.6788,0,-0.49944,-0.58044,0.64315,0,4.6779,133.27,145.55,1
0.86433,-0.35509,0.35614,0,0.022496,0.73474,0.67798,0,-0.50242,-0.57799,0.64304,0,3.6293,132.54,144.99,1
0.8626,-0.35759,0.35784,0,0.023955,0.73543,0.67718,0,-0.50532,-0.57556,0.64295,0,2.6057,131.82,144.43,1
0.86089,-0.36006,0.35947,0,0.025429,0.7361,0.67639,0,-0.50815,-0.57316,0.64286,0,1.6077,131.11,143.88,1
0.85922,-0.36249,0.36104,0,0.026917,0.73674,0.67564,0,-0.5109,-0.5708,0.64278,0,0.63574,130.42,143.34,1
0.85757,-0.36488,0.36254,0,0.028417,0.73736,0.6749,0,-0.51358,-0.56847,0.64271,0,-0.3096,129.74,142.81,1
0.85596,-0.36723,0.36397,0,0.029925,0.73795,0.67419,0,-0.51618,-0.56619,0.64264,0,-1.2278,129.08,142.28,1
0.85438,-0.36955,0.36533,0,0.03144,0.73851,0.67351,0,-0.51869,-0.56395,0.64259,0,-2.1185,128.43,141.77,1
0.85284,-0.37182,0.36662,0,0.032958,0.73904,0.67286,0,-0.52113,-0.56176,0.64254,0,-2.9811,127.8,141.26,1
0.85134,-0.37405,0.36784,0,0.034479,0.73954,0.67223,0,-0.52348,-0.55961,0.64249,0,-3.8154,127.18,140.77,1
0.84987,-0.37624,0.36899,0,0.035999,0.74001,0.67163,0,-0.52575,-0.55752,0.64246,0,-4.6208,126.57,140.29,1
0.84845,-0.37838,0.37007,0,0.037516,0.74045,0.67106,0,-0.52794,-0.55548,0.64243,0,-5.397,125.97,139.82,1
0.84707,-0.38048,0.37108,0,0.039028,0.74086,0.67053,0,-0.53004,-0.5535,0.64241,0,-6.1437,125.39,139.36,1
0.84574,-0.38252,0.37202,0,0.040532,0.74124,0.67002,0,-0.53206,-0.55158,0.6424,0,-6.8605,124.82,138.92,1
0.84445,-0.38452,0.37289,0,0.042027,0.74158,0.66954,0,-0.53398,-0.54972,0.64239,0,-7.5471,124.25,138.49,1
0.84321,-0.38647,0.37369,0,0.043509,0.7419,0.6691,0,-0.53582,-0.54793,0.64239,0,-8.2034,123.7,138.07,1
0.84202,-0.38836,0.37441,0,0.044979,0.74218,0.66869,0,-0.53757,-0.5462,0.6424,0,-8.8289,123.17,137.67,1
0.84087,-0.3902,0.37506,0,0.046432,0.74244,0.66831,0,-0.53924,-0.54455,0.64241,0,-9.4235,122.64,137.28,1
0.83978,-0.39199,0.37565,0,0.047867,0.74266,0.66796,0,-0.54081,-0.54296,0.64243,0,-9.9869,122.12,136.91,1
0.83874,-0.39372,0.37616,0,0.049283,0.74285,0.66764,0,-0.54229,-0.54144,0.64246,0,-10.519,121.61,136.55,1
0.83776,-0.3954,0.3766,0,0.050678,0.74301,0.66736,0,-0.54369,-0.54,0.6425,0,-11.02,121.11,136.21,1
0.83682,-0.39702,0.37697,0,0.05205,0.74313,0.66711,0,-0.54499,-0.53864,0.64254,0,-11.489,120.62,135.88,1
0.83595,-0.39858,0.37727,0,0.053396,0.74323,0.6669,0,-0.54621,-0.53735,0.64259,0,-11.926,120.14,135.57,1
0.83513,-0.40008,0.37749,0,0.054717,0.7433,0.66672,0,-0.54733,-0.53614,0.64264,0,-12.331,119.67,135.28,1
0.83436,-0.40152,0.37765,0,0.05601,0.74334,0.66657,0,-0.54837,-0.53501,0.6427,0,-12.704,119.21,135.01,1
0.83365,-0.4029,0.37774,0,0.057274,0.74334,0.66645,0,-0.54931,-0.53396,0.64277,0,-13.045,118.76,134.75,1
0.833,-0.40423,0.37777,0,0.058507,0.74332,0.66637,0,-0.55017,-0.53299,0.64284,0,-13.354,118.32,134.51,1
0.83241,-0.40549,0.37772,0,0.059709,0.74327,0.66632,0,-0.55093,-0.5321,0.64292,0,-13.631,117.88,134.28,1
0.83188,-0.40669,0.3776,0,0.060879,0.74319,0.66631,0,-0.55161,-0.5313,0.643,0,-13.876,117.46,134.08,1
0.8314,-0.40782,0.37742,0,0.062015,0.74308,0.66632,0,-0.5522,-0.53058,0.64309,0,-14.088,117.04,133.89,1
0.83099,-0.4089,0.37717,0,0.063116,0.74294,0.66637,0,-0.5527,-0.52994,0.64319,0,-14.268,116.63,133.72,1
0.83063,-0.40991,0.37686,0,0.064182,0.74278,0.66645,0,-0.55311,-0.52939,0.64329,0,-14.417,116.23,133.57,1
0.83034,-0.41085,0.37648,0,0.065213,0.74259,0.66656,0,-0.55343,-0.52892,0.64339,0,-14.533,115.84,133.44,1
0.8301,-0.41174,0.37604,0,0.066206,0.74238,0.66671,0,-0.55367,-0.52854,0.64351,0,-14.617,115.46,133.32,1
0.82992,-0.41256,0.37553,0,0.067163,0.74213,0.66688,0,-0.55382,-0.52824,0.64362,0,-14.669,115.09,133.23,1
0.82981,-0.41331,0.37496,0,0.068082,0.74187,0.66708,0,-0.55388,-0.52802,0.64374,0,-14.689,114.72,133.15,1
0.82975,-0.41401,0.37433,0,0.068963,0.74158,0.66732,0,-0.55386,-0.52789,0.64387,0,-14.677,114.37,133.09,1
0.82975,-0.41463,0.37363,0,0.069807,0.74126,0.66758,0,-0.55376,-0.52784,0.644,0,-14.634,114.02,133.05,1
0.8298,-0.4152,0.37288,0,0.070612,0.74092,0.66787,0,-0.55357,-0.52787,0.64414,0,-14.56,113.68,133.03,1
0.82992,-0.4157,0.37206,0,0.071379,0.74056,0.66819,0,-0.5533,-0.52798,0.64428,0,-14.454,113.36,133.02,1
0.83009,-0.41613,0.37119,0,0.072109,0.74018,0.66853,0,-0.55295,-0.52818,0.64442,0,-14.318,113.04,133.03,1
0.83032,-0.4165,0.37026,0,0.0728,0.73977,0.6689,0,-0.55251,-0.52845,0.64457,0,-14.151,112.73,133.07,1
0.8306,-0.41681,0.36928,0,0.073454,0.73935,0.6693,0,-0.552,-0.5288,0.64472,0,-13.953,112.43,133.12,1
0.83094,-0.41706,0.36824,0,0.07407,0.73891,0.66973,0,-0.5514,-0.52923,0.64488,0,-13.725,112.14,133.18,1
0.83134,-0.41724,0.36714,0,0.07465,0.73844,0.67017,0,-0.55073,-0.52973,0.64504,0,-13.467,111.87,133.27,1
0.83178,-0.41736,0.36599,0,0.075193,0.73796,0.67064,0,-0.54998,-0.53031,0.64521,0,-13.179,111.6,133.37,1
0.83228,-0.41742,0.36479,0,0.0757,0.73746,0.67113,0,-0.54916,-0.53096,0.64537,0,-12.862,111.34,133.49,1
0.83283,-0.41741,0.36354,0,0.076173,0.73694,0.67165,0,-0.54826,-0.53168,0.64555,0,-12.516,111.1,133.63,1
0.83343,-0.41735,0.36224,0,0.076611,0.73641,0.67218,0,-0.54729,-0.53246,0.64572,0,-12.141,110.87,133.79,1
0.83408,-0.41722,0.36089,0,0.077015,0.73586,0.67273,0,-0.54625,-0.53332,0.6459,0,-11.738,110.65,133.96,1
