-0.43479,-0.057791,0.89868,0,0.73911,0.54722,0.39278,0,-0.51447,0.83499,-0.19521,0,-181.6,335.82,254.12,1
-0.43651,-0.056577,0.89792,0,0.73864,0.54728,0.39357,0,-0.51368,0.83504,-0.19711,0,-181.91,335.78,254.05,1
-0.43827,-0.055332,0.89714,0,0.73817,0.54735,0.39437,0,-0.51287,0.83508,-0.19904,0,-182.24,335.75,253.98,1
-0.44005,-0.054055,0.89634,0,0.73768,0.54742,0.39517,0,-0.51203,0.83511,-0.20102,0,-182.58,335.72,253.91,1
-0.44186,-0.052746,0.89553,0,0.73719,0.54749,0.39598,0,-0.51118,0.83515,-0.20303,0,-182.92,335.69,253.83,1
-0.44369,-0.051404,0.8947,0,0.7367,0.54757,0.39679,0,-0.51031,0.83518,-0.20508,0,-183.28,335.66,253.75,1
-0.44554,-0.050027,0.89386,0,0.7362,0.54765,0.3976,0,-0.50942,0.83521,-0.20717,0,-183.64,335.64,253.67,1
-0.44741,-0.048616,0.89301,0,0.7357,0.54774,0.39841,0,-0.50851,0.83523,-0.2093,0,-184,335.62,253.59,1
-0.44929,-0.04717,0.89214,0,0.73519,0.54783,0.39922,0,-0.50757,0.83526,-0.21146,0,-184.38,335.62,253.51,1
-0.45119,-0.045688,0.89126,0,0.73469,0.54792,0.40002,0,-0.50661,0.83528,-0.21365,0,-184.75,335.61,253.43,1
-0.4531,-0.04417,0.89037,0,0.73419,0.54801,0.40081,0,-0.50564,0.8353,-0.21587,0,-185.13,335.62,253.35,1
-0.45501,-0.042615,0.88946,0,0.73369,0.54811,0.40159,0,-0.50463,0.83532,-0.21813,0,-185.52,335.63,253.26,1
-0.45693,-0.041022,0.88855,0,0.7332,0.5482,0.40235,0,-0.50361,0.83534,-0.22041,0,-185.9,335.66,253.18,1
-0.45886,-0.039391,0.88764,0,0.73272,0.54829,0.40311,0,-0.50256,0.83536,-0.22272,0,-186.29,335.69,253.1,1
-0.46078,-0.037721,0.88671,0,0.73225,0.54838,0.40384,0,-0.50149,0.83538,-0.22506,0,-186.67,335.74,253.03,1
-0.4627,-0.036012,0.88578,0,0.73179,0.54847,0.40455,0,-0.5004,0.83539,-0.22742,0,-187.06,335.8,252.95,1
-0.46461,-0.034263,0.88485,0,0.73134,0.54856,0.40525,0,-0.49928,0.83541,-0.22981,0,-187.44,335.87,252.88,1
-0.46651,-0.032474,0.88392,0,0.73091,0.54865,0.40591,0,-0.49814,0.83542,-0.23221,0,-187.81,335.95,252.82,1
-0.4684,-0.030644,0.88298,0,0.73049,0.54873,0.40655,0,-0.49697,0.83544,-0.23464,0,-188.19,336.05,252.75,1
-0.47027,-0.028772,0.88205,0,0.73009,0.5488,0.40716,0,-0.49579,0.83546,-0.23708,0,-188.55,336.16,252.7,1
-0.47213,-0.026859,0.88112,0,0.72972,0.54888,0.40774,0,-0.49458,0.83547,-0.23954,0,-188.91,336.29,252.65,1
-0.47396,-0.024904,0.88019,0,0.72936,0.54894,0.40828,0,-0.49334,0.83549,-0.24201,0,-189.26,336.44,252.6,1
-0.47577,-0.022907,0.87927,0,0.72904,0.549,0.40878,0,-0.49209,0.83551,-0.2445,0,-189.61,336.6,252.56,1
-0.47755,-0.020868,0.87836,0,0.72873,0.54906,0.40925,0,-0.49081,0.83552,-0.247,0,-189.94,336.78,252.53,1
-0.4793,-0.018786,0.87745,0,0.72846,0.54911,0.40967,0,-0.48951,0.83554,-0.2495,0,-190.26,336.98,252.51,1
-0.48102,-0.016663,0.87655,0,0.72821,0.54915,0.41005,0,-0.48819,0.83556,-0.25202,0,-190.57,337.19,252.5,1
-0.4827,-0.014497,0.87567,0,0.728,0.54918,0.41039,0,-0.48685,0.83558,-0.25453,0,-190.86,337.43,252.5,1
-0.48434,-0.01229,0.8748,0,0.72781,0.54921,0.41067,0,-0.48549,0.83559,-0.25706,0,-191.14,337.69,252.5,1
-0.48593,-0.010041,0.87394,0,0.72767,0.54923,0.41091,0,-0.48412,0.83561,-0.25958,0,-191.41,337.96,252.52,1
-0.48749,-0.0077504,0.8731,0,0.72755,0.54924,0.4111,0,-0.48272,0.83563,-0.26211,0,-191.66,338.26,252.55,1
-0.48899,-0.0054192,0.87227,0,0.72748,0.54924,0.41123,0,-0.48131,0.83565,-0.26463,0,-191.89,338.58,252.59,1
-0.49045,-0.0030476,0.87147,0,0.72744,0.54923,0.41131,0,-0.47989,0.83567,-0.26715,0,-192.1,338.92,252.64,1
-0.49185,-0.00063602,0.87068,0,0.72744,0.54921,0.41134,0,-0.47845,0.83568,-0.26967,0,-192.3,339.28,252.71,1
-0.4932,0.0018149,0.86992,0,0.72748,0.54918,0.4113,0,-0.477,0.8357,-0.27218,0,-192.47,339.66,252.78,1
-0.49449,0.0043044,0.86917,0,0.72757,0.54914,0.4112,0,-0.47553,0.83572,-0.27468,0,-192.62,340.07,252.87,1
-0.49571,0.006832,0.86846,0,0.72769,0.54909,0.41105,0,-0.47406,0.83573,-0.27717,0,-192.75,340.5,252.98,1
-0.49688,0.0093967,0.86777,0,0.72786,0.54904,0.41083,0,-0.47258,0.83575,-0.27964,0,-192.86,340.95,253.1,1
-0.49798,0.011998,0.86711,0,0.72808,0.54896,0.41054,0,-0.47108,0.83576,-0.28211,0,-192.94,341.42,253.23,1
-0.49901,0.014634,0.86647,0,0.72834,0.54888,0.41019,0,-0.46959,0.83577,-0.28456,0,-193,341.92,253.38,1
-0.49998,0.017305,0.86587,0,0.72864,0.54879,0.40977,0,-0.46809,0.83578,-0.28699,0,-193.04,342.44,253.54,1
-0.50087,0.020009,0.86529,0,0.72899,0.54869,0.40928,0,-0.46659,0.83579,-0.28941,0,-193.04,342.98,253.73,1
-0.50168,0.022746,0.86475,0,0.72939,0.54857,0.40872,0,-0.46508,0.83579,-0.2918,0,-193.02,343.54,253.92,1
-0.50242,0.025514,0.86425,0,0.72984,0.54844,0.40809,0,-0.46358,0.8358,-0.29417,0,-192.97,344.13,254.13,1
-0.50308,0.028312,0.86378,0,0.73034,0.5483,0.40739,0,-0.46208,0.8358,-0.29652,0,-192.89,344.74,254.36,1
-0.50366,0.031139,0.86334,0,0.73088,0.54815,0.40662,0,-0.46058,0.8358,-0.29884,0,-192.79,345.38,254.61,1
-0.50416,0.033993,0.86294,0,0.73148,0.54799,0.40577,0,-0.45909,0.83579,-0.30114,0,-192.65,346.03,254.87,1
-0.50457,0.036873,0.86258,0,0.73212,0.54782,0.40484,0,-0.45761,0.83579,-0.30341,0,-192.48,346.71,255.16,1
-0.5049,0.039777,0.86226,0,0.73282,0.54763,0.40384,0,-0.45614,0.83578,-0.30565,0,-192.28,347.42,255.45,1
-0.50514,0.042705,0.86198,0,0.73356,0.54743,0.40276,0,-0.45467,0.83576,-0.30785,0,-192.04,348.14,255.77,1
-0.50528,0.045654,0.86174,0,0.73435,0.54722,0.4016,0,-0.45323,0.83574,-0.31003,0,-191.78,348.89,256.11,1
-0.50534,0.048623,0.86155,0,0.7352,0.54699,0.40036,0,-0.4518,0.83572,-0.31217,0,-191.48,349.66,256.46,1
-0.5053,0.051611,0.8614,0,0.73609,0.54676,0.39904,0,-0.45038,0.8357,-0.31427,0,-191.14,350.45,256.83,1
-0.50517,0.054615,0.86129,0,0.73703,0.54651,0.39764,0,-0.44899,0.83567,-0.31633,0,-190.77,351.27,257.22,1
-0.50494,0.057634,0.86123,0,0.73802,0.54625,0.39615,0,-0.44761,0.83564,-0.31836,0,-190.36,352.1,257.62,1
-0.50462,0.060667,0.86121,0,0.73906,0.54598,0.39459,0,-0.44626,0.8356,-0.32035,0,-189.92,352.96,258.05,1
-0.50419,0.06371,0.86124,0,0.74015,0.54569,0.39294,0,-0.44494,0.83556,-0.32229,0,-189.44,353.84,258.49,1
-0.50367,0.066763,0.86131,0,0.74129,0.54539,0.3912,0,-0.44364,0.83552,-0.32419,0,-188.92,354.74,258.95,1
-0.50304,0.069824,0.86144,0,0.74247,0.54509,0.38939,0,-0.44237,0.83547,-0.32604,0,-188.37,355.66,259.43,1
-0.50231,0.072889,0.86161,0,0.7437,0.54477,0.38749,0,-0.44113,0.83541,-0.32785,0,-187.78,356.6,259.92,1
-0.50148,0.075959,0.86183,0,0.74497,0.54443,0.3855,0,-0.43993,0.83536,-0.32961,0,-187.14,357.56,260.44,1
-0.50054,0.079029,0.8621,0,0.74629,0.54409,0.38342,0,-0.43876,0.8353,-0.33132,0,-186.47,358.54,260.97,1
-0.49949,0.082099,0.86242,0,0.74766,0.54374,0.38126,0,-0.43763,0.83523,-0.33297,0,-185.76,359.53,261.52,1
-0.49834,0.085166,0.86279,0,0.74906,0.54337,0.37902,0,-0.43653,0.83516,-0.33458,0,-185.01,360.55,262.08,1
-0.49708,0.088228,0.86321,0,0.75051,0.54299,0.37669,0,-0.43548,0.83509,-0.33613,0,-184.22,361.58,262.66,1
-0.49571,0.091282,0.86368,0,0.752,0.54261,0.37427,0,-0.43447,0.83501,-0.33762,0,-183.38,362.64,263.26,1
-0.49424,0.094327,0.8642,0,0.75353,0.54221,0.37176,0,-0.43351,0.83493,-0.33906,0,-182.51,363.7,263.87,1
-0.49265,0.09736,0.86477,0,0.75509,0.5418,0.36917,0,-0.43259,0.83485,-0.34043,0,-181.6,364.79,264.5,1
-0.49095,0.10038,0.86539,0,0.7567,0.54138,0.36649,0,-0.43172,0.83476,-0.34175,0,-180.64,365.89,265.15,1
-0.48914,0.10338,0.86606,0,0.75834,0.54095,0.36372,0,-0.4309,0.83467,-0.343,0,-179.64,367.01,265.81,1
-0.48721,0.10636,0.86678,0,0.76001,0.54052,0.36087,0,-0.43013,0.83458,-0.34418,0,-178.6,368.14,266.48,1
-0.48518,0.10932,0.86755,0,0.76171,0.54007,0.35793,0,-0.42941,0.83449,-0.3453,0,-177.52,369.28,267.17,1
-0.48303,0.11226,0.86838,0,0.76345,0.53962,0.35491,0,-0.42875,0.83439,-0.34635,0,-176.4,370.44,267.87,1
-0.48077,0.11517,0.86925,0,0.76522,0.53915,0.3518,0,-0.42814,0.8343,-0.34734,0,-175.23,371.61,268.59,1
-0.47839,0.11805,0.87017,0,0.76701,0.53868,0.3486,0,-0.42759,0.8342,-0.34825,0,-174.02,372.8,269.32,1
-0.47591,0.1209,0.87115,0,0.76883,0.5382,0.34532,0,-0.42711,0.8341,-0.34908,0,-172.78,373.99,270.06,1
-0.4733,0.12371,0.87217,0,0.77067,0.53772,0.34195,0,-0.42668,0.834,-0.34984,0,-171.48,375.2,270.81,1
-0.47059,0.12648,0.87324,0,0.77253,0.53722,0.3385,0,-0.42631,0.8339,-0.35052,0,-170.15,376.42,271.58,1
-0.46775,0.12922,0.87436,0,0.77442,0.53672,0.33497,0,-0.42601,0.83381,-0.35112,0,-168.78,377.64,272.35,1
-0.46481,0.13191,0.87553,0,0.77632,0.53622,0.33135,0,-0.42577,0.83371,-0.35164,0,-167.36,378.88,273.14,1
-0.46175,0.13455,0.87675,0,0.77824,0.53571,0.32766,0,-0.42559,0.83362,-0.35208,0,-165.9,380.12,273.93,1
-0.45857,0.13715,0.87801,0,0.78017,0.53519,0.32388,0,-0.42548,0.83352,-0.35242,0,-164.4,381.37,274.74,1
-0.45529,0.13969,0.87932,0,0.78212,0.53467,0.32002,0,-0.42544,0.83343,-0.35268,0,-162.86,382.63,275.55,1
-0.45188,0.14218,0.88067,0,0.78408,0.53415,0.31608,0,-0.42547,0.83335,-0.35285,0,-161.29,383.89,276.37,1
-0.44837,0.14461,0.88208,0,0.78604,0.53362,0.31207,0,-0.42557,0.83327,-0.35292,0,-159.67,385.16,277.2,1
-0.44474,0.14697,0.88352,0,0.78801,0.53309,0.30798,0,-0.42573,0.8332,-0.3529,0,-158.01,386.43,278.03,1
-0.44099,0.14927,0.88501,0,0.78999,0.53256,0.30382,0,-0.42597,0.83313,-0.35278,0,-156.31,387.7,278.88,1
-0.43713,0.15151,0.88654,0,0.79196,0.53202,0.29958,0,-0.42627,0.83306,-0.35256,0,-154.57,388.98,279.73,1
-0.43316,0.15367,0.88812,0,0.79394,0.53149,0.29527,0,-0.42665,0.83301,-0.35223,0,-152.79,390.25,280.58,1
-0.42908,0.15576,0.88974,0,0.79591,0.53095,0.29088,0,-0.4271,0.83296,-0.35179,0,-150.98,391.53,281.44,1
-0.42489,0.15777,0.89139,0,0.79788,0.53042,0.28643,0,-0.42762,0.83293,-0.35125,0,-149.13,392.8,282.3,1
-0.42058,0.1597,0.89309,0,0.79984,0.52988,0.28191,0,-0.42821,0.8329,-0.35059,0,-147.24,394.07,283.17,1
-0.41616,0.16154,0.89483,0,0.80179,0.52935,0.27733,0,-0.42888,0.83288,-0.34982,0,-145.32,395.34,284.05,1
-0.41163,0.16329,0.8966,0,0.80374,0.52882,0.27268,0,-0.42962,0.83288,-0.34892,0,-143.36,396.61,284.92,1
-0.40699,0.16495,0.89842,0,0.80566,0.5283,0.26797,0,-0.43043,0.83288,-0.34791,0,-141.36,397.86,285.8,1
-0.40224,0.16652,0.90026,0,0.80758,0.52777,0.2632,0,-0.43131,0.8329,-0.34677,0,-139.34,399.12,286.68,1
-0.39738,0.16798,0.90215,0,0.80947,0.52725,0.25838,0,-0.43226,0.83294,-0.3455,0,-137.28,400.36,287.57,1
-0.39241,0.16934,0.90407,0,0.81135,0.52674,0.2535,0,-0.43328,0.83299,-0.34409,0,-135.18,401.6,288.45,1
-0.38733,0.1706,0.90602,0,0.8132,0.52623,0.24856,0,-0.43438,0.83305,-0.34255,0,-133.06,402.82,289.34,1
-0.38214,0.17173,0.90801,0,0.81503,0.52574,0.24358,0,-0.43554,0.83313,-0.34087,0,-130.91,404.03,290.23,1
-0.37685,0.17276,0.91002,0,0.81683,0.52524,0.23855,0,-0.43677,0.83323,-0.33905,0,-128.72,405.23,291.12,1
-0.37145,0.17366,0.91207,0,0.81861,0.52476,0.23347,0,-0.43807,0.83335,-0.33708,0,-126.51,406.42,292.01,1
-0.36594,0.17444,0.91415,0,0.82035,0.52429,0.22835,0,-0.43944,0.83348,-0.33496,0,-124.27,407.59,292.91,1
-0.36032,0.17509,0.91625,0,0.82207,0.52383,0.22319,0,-0.44088,0.83364,-0.33268,0,-122,408.74,293.8,1
-0.3546,0.1756,0.91838,0,0.82375,0.52338,0.21799,0,-0.44238,0.83381,-0.33024,0,-119.7,409.88,294.7,1
-0.34878,0.17597,0.92054,0,0.82539,0.52294,0.21276,0,-0.44394,0.83401,-0.32764,0,-117.38,411,295.59,1
-0.34285,0.17621,0.92272,0,0.827,0.52251,0.2075,0,-0.44557,0.83422,-0.32486,0,-115.04,412.09,296.49,1
-0.33681,0.17629,0.92492,0,0.82856,0.5221,0.20221,0,-0.44726,0.83446,-0.32192,0,-112.67,413.16,297.39,1
-0.33067,0.17622,0.92715,0,0.83009,0.52171,0.19689,0,-0.44901,0.83472,-0.3188,0,-110.28,414.21,298.29,1
-0.32443,0.176,0.92939,0,0.83157,0.52133,0.19156,0,-0.45081,0.83501,-0.31549,0,-107.87,415.23,299.19,1
-0.31808,0.17561,0.93166,0,0.83301,0.52097,0.1862,0,-0.45267,0.83531,-0.312,0,-105.44,416.22,300.09,1
-0.31164,0.17506,0.93394,0,0.83441,0.52063,0.18083,0,-0.45458,0.83564,-0.30832,0,-102.99,417.19,300.99,1
-0.30508,0.17435,0.93623,0,0.83576,0.52031,0.17545,0,-0.45654,0.83599,-0.30445,0,-100.52,418.12,301.9,1
-0.29843,0.17346,0.93854,0,0.83706,0.52001,0.17006,0,-0.45855,0.83636,-0.30038,0,-98.038,419.03,302.81,1
-0.29167,0.17239,0.94085,0,0.83831,0.51973,0.16466,0,-0.46061,0.83676,-0.29611,0,-95.535,419.9,303.72,1
-0.28482,0.17114,0.94318,0,0.83952,0.51947,0.15925,0,-0.4627,0.83717,-0.29163,0,-93.016,420.74,304.63,1
-0.27786,0.16972,0.94551,0,0.84067,0.51924,0.15384,0,-0.46484,0.83761,-0.28695,0,-90.482,421.55,305.55,1
-0.27079,0.1681,0.94785,0,0.84177,0.51903,0.14844,0,-0.46701,0.83806,-0.28205,0,-87.933,422.32,306.47,1
-0.26363,0.1663,0.95018,0,0.84282,0.51885,0.14304,0,-0.46921,0.83854,-0.27694,0,-85.37,423.05,307.39,1
-0.25637,0.16431,0.95251,0,0.84381,0.51869,0.13764,0,-0.47144,0.83903,-0.27162,0,-82.794,423.74,308.32,1
-0.249,0.16212,0.95484,0,0.84475,0.51855,0.13225,0,-0.4737,0.83954,-0.26607,0,-80.206,424.4,309.25,1
-0.24154,0.15973,0.95716,0,0.84564,0.51845,0.12688,0,-0.47597,0.84006,-0.2603,0,-77.605,425.02,310.18,1
-0.23397,0.15714,0.95946,0,0.84648,0.51837,0.12152,0,-0.47826,0.84059,-0.2543,0,-74.994,425.6,311.12,1
-0.2263,0.15435,0.96175,0,0.84726,0.51832,0.11617,0,-0.48057,0.84114,-0.24807,0,-72.372,426.13,312.06,1
-0.21853,0.15136,0.96402,0,0.84798,0.51831,0.11085,0,-0.48288,0.84169,-0.24162,0,-69.739,426.63,313.01,1
-0.21067,0.14816,0.96627,0,0.84865,0.51832,0.10555,0,-0.4852,0.84226,-0.23493,0,-67.097,427.08,313.96,1
-0.2027,0.14475,0.96848,0,0.84926,0.51836,0.10027,0,-0.48751,0.84282,-0.228,0,-64.447,427.48,314.91,1
-0.19463,0.14113,0.97067,0,0.84982,0.51844,0.095019,0,-0.48982,0.84339,-0.22084,0,-61.787,427.84,315.87,1
-0.18646,0.1373,0.97282,0,0.85032,0.51855,0.089798,0,-0.49212,0.84395,-0.21344,0,-59.12,428.16,316.84,1
-0.1782,0.13325,0.97493,0,0.85077,0.51869,0.084609,0,-0.49441,0.84451,-0.2058,0,-56.445,428.43,317.81,1
-0.16984,0.12899,0.97699,0,0.85116,0.51887,0.079453,0,-0.49668,0.84507,-0.19792,0,-53.762,428.65,318.79,1
-0.16137,0.12452,0.97901,0,0.85149,0.51908,0.074335,0,-0.49892,0.84561,-0.18979,0,-51.073,428.83,319.77,1
-0.15282,0.11983,0.98096,0,0.85177,0.51932,0.069255,0,-0.50114,0.84614,-0.18143,0,-48.378,428.95,320.76,1
-0.14416,0.11492,0.98286,0,0.85199,0.5196,0.064216,0,-0.50332,0.84665,-0.17282,0,-45.676,429.03,321.76,1
-0.13541,0.10979,0.98469,0,0.85216,0.51992,0.059221,0,-0.50546,0.84713,-0.16396,0,-42.969,429.06,322.75,1
-0.12657,0.10444,0.98644,0,0.85227,0.52027,0.054271,0,-0.50755,0.84759,-0.15487,0,-40.256,429.03,323.76,1
-0.11764,0.098877,0.98812,0,0.85233,0.52066,0.049369,0,-0.5096,0.84802,-0.14552,0,-37.538,428.96,324.77,1
-0.10861,0.093094,0.98972,0,0.85234,0.52109,0.044517,0,-0.51159,0.84841,-0.13594,0,-34.815,428.84,325.78,1
-0.099487,0.087092,0.99122,0,0.85229,0.52156,0.039718,0,-0.51352,0.84876,-0.12612,0,-32.088,428.66,326.8,1
-0.090279,0.080872,0.99263,0,0.85219,0.52206,0.034973,0,-0.51538,0.84907,-0.11605,0,-29.356,428.43,327.83,1
-0.080982,0.074435,0.99393,0,0.85204,0.5226,0.030284,0,-0.51718,0.84932,-0.10574,0,-26.621,428.15,328.86,1
-0.0716,0.067781,0.99513,0,0.85183,0.52318,0.025654,0,-0.5189,0.84952,-0.095198,0,-23.882,427.81,329.89,1
-0.062133,0.060913,0.99621,0,0.85158,0.5238,0.021084,0,-0.52053,0.84966,-0.084418,0,-21.139,427.42,330.93,1
-0.052584,0.053831,0.99716,0,0.85127,0.52446,0.016577,0,-0.52208,0.84973,-0.073403,0,-18.393,426.98,331.97,1
-0.042954,0.046538,0.99799,0,0.85091,0.52516,0.012135,0,-0.52354,0.84973,-0.062158,0,-15.644,426.48,333.01,1
-0.033247,0.039034,0.99868,0,0.85051,0.5259,0.0077587,0,-0.52491,0.84965,-0.050684,0,-12.893,425.93,334.06,1
-0.023464,0.031323,0.99923,0,0.85006,0.52668,0.0034512,0,-0.52617,0.84949,-0.038984,0,-10.139,425.33,335.1,1
-0.013609,0.023407,0.99963,0,0.84955,0.5275,-0.00078607,0,-0.52732,0.84923,-0.027064,0,-7.3827,424.66,336.15,1
-0.003683,0.015288,0.99988,0,0.84901,0.52836,-0.0049512,0,-0.52837,0.84888,-0.014925,0,-4.6245,423.95,337.2,1
0.0063096,0.0069698,0.99996,0,0.84841,0.52926,-0.0090423,0,-0.5293,0.84843,-0.0025738,0,-1.8647,423.17,338.25,1
0.016366,-0.0015443,0.99986,0,0.84778,0.53019,-0.013058,0,-0.5301,0.84788,0.0099865,0,0.89649,422.35,339.3,1
0.026483,-0.010251,0.9996,0,0.84709,0.53117,-0.016996,0,-0.53078,0.8472,0.022751,0,3.6588,421.46,340.35,1
0.036658,-0.019146,0.99914,0,0.84637,0.53219,-0.020855,0,-0.53133,0.84641,0.035713,0,6.422,420.52,341.4,1
0.046885,-0.028225,0.9985,0,0.8456,0.53324,-0.024633,0,-0.53175,0.84549,0.048868,0,9.1857,419.53,342.44,1
0.057163,-0.037483,0.99766,0,0.84479,0.53434,-0.028328,0,-0.53203,0.84444,0.06221,0,11.95,418.48,343.48,1
0.067486,-0.046917,0.99662,0,0.84395,0.53547,-0.03194,0,-0.53216,0.84325,0.075732,0,14.713,417.37,344.52,1
0.077851,-0.056519,0.99536,0,0.84306,0.53665,-0.035466,0,-0.53215,0.84191,0.089428,0,17.477,416.21,345.55,1
0.088252,-0.066286,0.99389,0,0.84214,0.53786,-0.038906,0,-0.53199,0.84043,0.10329,0,20.239,414.99,346.57,1
0.098687,-0.076212,0.9922,0,0.84118,0.5391,-0.042257,0,-0.53168,0.83878,0.11731,0,23,413.72,347.59,1
0.10915,-0.086289,0.99027,0,0.84018,0.54039,-0.045519,0,-0.53121,0.83698,0.13148,0,25.76,412.39,348.6,1
0.11964,-0.096512,0.98812,0,0.83915,0.54171,-0.048689,0,-0.53057,0.83501,0.1458,0,28.517,411.01,349.6,1
0.13014,-0.10687,0.98572,0,0.83809,0.54307,-0.051768,0,-0.52978,0.83286,0.16025,0,31.272,409.57,350.59,1
0.14066,-0.11737,0.98308,0,0.837,0.54446,-0.054753,0,-0.52882,0.83053,0.17482,0,34.024,408.08,351.57,1
0.15118,-0.12799,0.98019,0,0.83587,0.54589,-0.057643,0,-0.52769,0.82802,0.18951,0,36.773,406.54,352.54,1
0.16171,-0.13872,0.97704,0,0.83472,0.54735,-0.060439,0,-0.5264,0.82533,0.20431,0,39.517,404.95,353.49,1
0.17223,-0.14957,0.97363,0,0.83354,0.54884,-0.063138,0,-0.52493,0.82244,0.2192,0,42.257,403.3,354.43,1
0.18275,-0.16051,0.96997,0,0.83233,0.55037,-0.065739,0,-0.52329,0.81935,0.23418,0,44.991,401.6,355.35,1
0.19325,-0.17155,0.96603,0,0.83109,0.55193,-0.068243,0,-0.52147,0.81605,0.24924,0,47.72,399.85,356.26,1
0.20373,-0.18268,0.96183,0,0.82984,0.55352,-0.070648,0,-0.51948,0.81256,0.26436,0,50.443,398.06,357.15,1
0.21419,-0.19387,0.95736,0,0.82855,0.55513,-0.072954,0,-0.51732,0.80885,0.27954,0,53.158,396.21,358.02,1
0.22461,-0.20514,0.95261,0,0.82725,0.55678,-0.075159,0,-0.51498,0.80493,0.29476,0,55.866,394.32,358.87,1
0.235,-0.21645,0.94759,0,0.82593,0.55846,-0.077265,0,-0.51246,0.8008,0.31001,0,58.565,392.38,359.7,1
0.24535,-0.22782,0.94229,0,0.82459,0.56016,-0.079269,0,-0.50977,0.79644,0.32529,0,61.255,390.4,360.51,1
0.25564,-0.23922,0.93671,0,0.82323,0.56188,-0.081173,0,-0.5069,0.79187,0.34057,0,63.936,388.37,361.29,1
0.26588,-0.25065,0.93085,0,0.82185,0.56363,-0.082976,0,-0.50386,0.78708,0.35585,0,66.605,386.3,362.05,1
0.27605,-0.26209,0.92472,0,0.82046,0.5654,-0.084677,0,-0.50064,0.78207,0.37112,0,69.263,384.18,362.79,1
0.28616,-0.27354,0.91831,0,0.81905,0.5672,-0.086277,0,-0.49726,0.77683,0.38636,0,71.908,382.03,363.5,1
0.2962,-0.28499,0.91162,0,0.81763,0.56901,-0.087777,0,-0.4937,0.77137,0.40156,0,74.541,379.84,364.18,1
0.30615,-0.29642,0.90466,0,0.8162,0.57084,-0.089175,0,-0.48998,0.76568,0.41671,0,77.159,377.61,364.84,1
0.31602,-0.30783,0.89743,0,0.81476,0.5727,-0.090474,0,-0.4861,0.75978,0.43179,0,79.762,375.35,365.47,1
0.3258,-0.31919,0.88993,0,0.81331,0.57456,-0.091673,0,-0.48206,0.75365,0.4468,0,82.349,373.05,366.07,1
0.33549,-0.33052,0.88216,0,0.81185,0.57645,-0.092772,0,-0.47786,0.74731,0.46172,0,84.919,370.72,366.63,1
0.34507,-0.34178,0.87414,0,0.81039,0.57834,-0.093774,0,-0.4735,0.74075,0.47654,0,87.471,368.36,367.17,1
0.35454,-0.35297,0.86586,0,0.80892,0.58025,-0.094678,0,-0.469,0.73397,0.49125,0,90.005,365.97,367.68,1
0.3639,-0.36409,0.85733,0,0.80744,0.58217,-0.095485,0,-0.46435,0.72699,0.50583,0,92.518,363.56,368.16,1
0.37314,-0.37511,0.84856,0,0.80596,0.5841,-0.096197,0,-0.45956,0.7198,0.52028,0,95.011,361.12,368.6,1
0.38225,-0.38604,0.83956,0,0.80448,0.58604,-0.096816,0,-0.45464,0.71241,0.53457,0,97.481,358.67,369.01,1
0.39124,-0.39685,0.83032,0,0.80299,0.58798,-0.097341,0,-0.44959,0.70483,0.54871,0,99.929,356.19,369.39,1
0.4001,-0.40754,0.82087,0,0.80151,0.58993,-0.097776,0,-0.44441,0.69706,0.56268,0,102.35,353.69,369.74,1
0.40882,-0.4181,0.81121,0,0.80003,0.59189,-0.098122,0,-0.43912,0.6891,0.57647,0,104.75,351.18,370.05,1
0.4174,-0.42852,0.80134,0,0.79854,0.59385,-0.09838,0,-0.43372,0.68097,0.59006,0,107.12,348.66,370.33,1
0.42583,-0.43879,0.79129,0,0.79706,0.59581,-0.098552,0,-0.42821,0.67267,0.60345,0,109.47,346.13,370.58,1
0.43412,-0.44889,0.78105,0,0.79558,0.59777,-0.098642,0,-0.42261,0.66421,0.61663,0,111.78,343.59,370.8,1
0.44225,-0.45882,0.77065,0,0.7941,0.59972,-0.09865,0,-0.41691,0.6556,0.62958,0,114.07,341.05,370.98,1
0.45023,-0.46858,0.76008,0,0.79263,0.60168,-0.098579,0,-0.41114,0.64685,0.6423,0,116.33,338.5,371.13,1
0.45805,-0.47815,0.74938,0,0.79116,0.60364,-0.098432,0,-0.40529,0.63796,0.65479,0,118.55,335.96,371.25,1
0.46571,-0.48752,0.73854,0,0.7897,0.60559,-0.098212,0,-0.39937,0.62896,0.66702,0,120.74,333.42,371.33,1
0.47321,-0.49669,0.72758,0,0.78824,0.60753,-0.09792,0,-0.39339,0.61984,0.679,0,122.9,330.88,371.39,1
0.48054,-0.50565,0.71652,0,0.78678,0.60947,-0.097559,0,-0.38737,0.61062,0.69071,0,125.02,328.35,371.42,1
0.48771,-0.51439,0.70536,0,0.78533,0.61141,-0.097131,0,-0.3813,0.60132,0.70216,0,127.11,325.83,371.41,1
0.49472,-0.52292,0.69413,0,0.78389,0.61333,-0.09664,0,-0.3752,0.59193,0.71333,0,129.16,323.33,371.38,1
0.50155,-0.53121,0.68283,0,0.78245,0.61525,-0.096087,0,-0.36907,0.58247,0.72423,0,131.17,320.84,371.32,1
0.50822,-0.53928,0.67148,0,0.78102,0.61716,-0.095474,0,-0.36292,0.57296,0.73485,0,133.15,318.37,371.24,1
0.51473,-0.54712,0.66009,0,0.7796,0.61906,-0.094805,0,-0.35677,0.56341,0.74518,0,135.08,315.91,371.13,1
0.52106,-0.55471,0.64868,0,0.77818,0.62095,-0.094082,0,-0.35061,0.55381,0.75522,0,136.98,313.48,371,1
0.52723,-0.56207,0.63726,0,0.77677,0.62284,-0.093307,0,-0.34446,0.5442,0.76498,0,138.83,311.07,370.84,1
0.53324,-0.56919,0.62585,0,0.77536,0.62471,-0.092482,0,-0.33833,0.53457,0.77444,0,140.64,308.69,370.67,1
0.53908,-0.57606,0.61445,0,0.77396,0.62657,-0.09161,0,-0.33222,0.52494,0.78362,0,142.41,306.33,370.47,1
0.54477,-0.58268,0.60308,0,0.77257,0.62842,-0.090694,0,-0.32615,0.51533,0.79251,0,144.14,304,370.25,1
0.55029,-0.58907,0.59176,0,0.77118,0.63027,-0.089734,0,-0.32011,0.50573,0.8011,0,145.82,301.7,370.02,1
0.55565,-0.5952,0.5805,0,0.76979,0.6321,-0.088735,0,-0.31412,0.49617,0.80941,0,147.46,299.44,369.78,1
0.56086,-0.60109,0.56932,0,0.76841,0.63392,-0.087698,0,-0.30819,0.48666,0.81743,0,149.05,297.21,369.51,1
0.56592,-0.60674,0.55821,0,0.76704,0.63573,-0.086624,0,-0.30231,0.47719,0.82516,0,150.6,295.01,369.24,1
0.57082,-0.61215,0.54721,0,0.76566,0.63753,-0.085518,0,-0.29651,0.4678,0.83261,0,152.1,292.85,368.96,1
0.57558,-0.61731,0.53632,0,0.7643,0.63932,-0.084379,0,-0.29079,0.45847,0.83979,0,153.55,290.72,368.66,1
0.58019,-0.62223,0.52555,0,0.76293,0.6411,-0.083212,0,-0.28516,0.44924,0.84668,0,154.95,288.64,368.36,1
0.58466,-0.62691,0.51492,0,0.76157,0.64288,-0.082017,0,-0.27961,0.4401,0.8533,0,156.31,286.6,368.06,1
0.589,-0.63136,0.50444,0,0.7602,0.64464,-0.080797,0,-0.27417,0.43107,0.85966,0,157.62,284.59,367.75,1
0.5932,-0.63558,0.49411,0,0.75884,0.6464,-0.079553,0,-0.26883,0.42215,0.86575,0,158.88,282.63,367.43,1
0.59727,-0.63957,0.48396,0,0.75748,0.64814,-0.078288,0,-0.26361,0.41335,0.87158,0,160.09,280.72,367.12,1
0.60121,-0.64333,0.47399,0,0.75612,0.64988,-0.077003,0,-0.2585,0.40469,0.87716,0,161.25,278.84,366.81,1
0.60503,-0.64687,0.46421,0,0.75476,0.65162,-0.075701,0,-0.25352,0.39617,0.88248,0,162.36,277.01,366.5,1
0.60873,-0.65019,0.45464,0,0.7534,0.65334,-0.074382,0,-0.24867,0.3878,0.88757,0,163.42,275.23,366.19,1
0.61232,-0.6533,0.44527,0,0.75203,0.65506,-0.073049,0,-0.24396,0.37959,0.89241,0,164.43,273.5,365.89,1
0.61579,-0.6562,0.43613,0,0.75067,0.65678,-0.071704,0,-0.23939,0.37154,0.89702,0,165.38,271.81,365.59,1
0.61915,-0.65889,0.42722,0,0.74929,0.65849,-0.070347,0,-0.23497,0.36367,0.90141,0,166.29,270.17,365.31,1
0.62241,-0.66138,0.41855,0,0.74792,0.6602,-0.068981,0,-0.2307,0.35598,0.90557,0,167.14,268.57,365.03,1
0.62557,-0.66367,0.41013,0,0.74654,0.6619,-0.067607,0,-0.2266,0.34847,0.90952,0,167.94,267.03,364.77,1
0.62863,-0.66577,0.40197,0,0.74515,0.6636,-0.066226,0,-0.22266,0.34116,0.91326,0,168.69,265.53,364.51,1
0.6316,-0.66768,0.39407,0,0.74376,0.6653,-0.06484,0,-0.21888,0.33405,0.91679,0,169.39,264.09,364.27,1
0.63448,-0.6694,0.38644,0,0.74236,0.66699,-0.06345,0,-0.21528,0.32714,0.92013,0,170.03,262.69,364.05,1
0.63727,-0.67095,0.3791,0,0.74095,0.66869,-0.062058,0,-0.21186,0.32044,0.92327,0,170.62,261.35,363.85,1
0.63997,-0.67233,0.37204,0,0.73953,0.67038,-0.060664,0,-0.20862,0.31396,0.92623,0,171.15,260.05,363.66,1
0.6426,-0.67353,0.36527,0,0.73811,0.67207,-0.05927,0,-0.20557,0.30769,0.92901,0,171.63,258.8,363.49,1
0.64515,-0.67457,0.3588,0,0.73667,0.67377,-0.057877,0,-0.2027,0.30165,0.93162,0,172.06,257.61,363.34,1
0.64763,-0.67545,0.35263,0,0.73523,0.67546,-0.056487,0,-0.20003,0.29584,0.93406,0,172.43,256.46,363.21,1
0.65004,-0.67617,0.34677,0,0.73377,0.67716,-0.055099,0,-0.19756,0.29027,0.93633,0,172.74,255.37,363.1,1
0.65237,-0.67674,0.34123,0,0.73231,0.67885,-0.053716,0,-0.19529,0.28492,0.93845,0,173,254.33,363.02,1
0.65464,-0.67716,0.336,0,0.73083,0.68055,-0.052337,0,-0.19323,0.27982,0.94041,0,173.21,253.33,362.96,1
0.65685,-0.67744,0.3311,0,0.72933,0.68226,-0.050965,0,-0.19137,0.27496,0.94222,0,173.36,252.39,362.92,1
0.65899,-0.67758,0.32652,0,0.72783,0.68396,-0.049599,0,-0.18972,0.27034,0.94389,0,173.45,251.5,362.91,1
0.66108,-0.67758,0.32227,0,0.72631,0.68567,-0.048241,0,-0.18829,0.26596,0.94542,0,173.48,250.66,362.93,1
0.6631,-0.67746,0.31836,0,0.72478,0.68738,-0.046891,0,-0.18707,0.26183,0.94681,0,173.46,249.86,362.97,1
0.66507,-0.6772,0.31478,0,0.72323,0.6891,-0.04555,0,-0.18607,0.25796,0.94807,0,173.38,249.12,363.04,1
0.66698,-0.67682,0.31155,0,0.72167,0.69082,-0.044219,0,-0.18529,0.25433,0.9492,0,173.25,248.43,363.13,1
0.66883,-0.67631,0.30865,0,0.72009,0.69255,-0.042898,0,-0.18474,0.25095,0.95021,0,173.05,247.78,363.26,1
0.67063,-0.67569,0.30609,0,0.7185,0.69428,-0.041588,0,-0.18441,0.24782,0.95109,0,172.8,247.19,363.41,1
0.67237,-0.67496,0.30389,0,0.7169,0.69601,-0.040289,0,-0.18432,0.24494,0.95186,0,172.48,246.64,363.59,1
0.67406,-0.67411,0.30202,0,0.71527,0.69775,-0.039002,0,-0.18445,0.24232,0.9525,0,172.11,246.14,363.79,1
0.6757,-0.67315,0.30051,0,0.71364,0.6995,-0.037727,0,-0.18481,0.23995,0.95303,0,171.68,245.69,364.03,1
0.67728,-0.67208,0.29934,0,0.71198,0.70125,-0.036465,0,-0.1854,0.23782,0.95345,0,171.19,245.28,364.29,1
0.6788,-0.67091,0.29852,0,0.71031,0.703,-0.035215,0,-0.18624,0.23595,0.95375,0,170.63,244.92,364.58,1
0.68027,-0.66963,0.29805,0,0.70863,0.70476,-0.033979,0,-0.1873,0.23432,0.95394,0,170.02,244.61,364.9,1
0.68167,-0.66825,0.29793,0,0.70693,0.70653,-0.032756,0,-0.18861,0.23294,0.95403,0,169.34,244.34,365.24,1
0.68302,-0.66677,0.29816,0,0.70521,0.70829,-0.031546,0,-0.19015,0.23181,0.954,0,168.6,244.12,365.62,1
0.68431,-0.66519,0.29873,0,0.70348,0.71007,-0.03035,0,-0.19193,0.23092,0.95385,0,167.8,243.94,366.02,1
0.68553,-0.66352,0.29965,0,0.70173,0.71184,-0.029167,0,-0.19395,0.23027,0.9536,0,166.94,243.8,366.44,1
0.68669,-0.66175,0.30092,0,0.69997,0.71362,-0.027998,0,-0.19621,0.22986,0.95324,0,166.01,243.71,366.89,1
0.68777,-0.65988,0.30253,0,0.6982,0.7154,-0.026843,0,-0.19872,0.22969,0.95276,0,165.02,243.66,367.36,1
0.68879,-0.65792,0.30448,0,0.69641,0.71719,-0.0257,0,-0.20146,0.22975,0.95217,0,163.96,243.64,367.86,1
0.68973,-0.65587,0.30678,0,0.6946,0.71897,-0.024571,0,-0.20445,0.23004,0.95146,0,162.84,243.67,368.39,1
0.69059,-0.65372,0.30941,0,0.69279,0.72076,-0.023455,0,-0.20767,0.23055,0.95064,0,161.65,243.74,368.93,1
0.69137,-0.65148,0.31237,0,0.69096,0.72255,-0.022351,0,-0.21114,0.23129,0.9497,0,160.4,243.85,369.49,1
0.69207,-0.64915,0.31567,0,0.68912,0.72434,-0.02126,0,-0.21485,0.23225,0.94863,0,159.08,244,370.08,1
0.69267,-0.64673,0.3193,0,0.68727,0.72613,-0.02018,0,-0.2188,0.23342,0.94744,0,157.69,244.18,370.68,1
0.69318,-0.64421,0.32325,0,0.6854,0.72791,-0.019111,0,-0.22298,0.2348,0.94612,0,156.24,244.39,371.31,1
0.69359,-0.64161,0.32752,0,0.68353,0.7297,-0.018053,0,-0.22741,0.23639,0.94467,0,154.72,244.65,371.95,1
0.6939,-0.63891,0.33211,0,0.68165,0.73148,-0.017005,0,-0.23207,0.23818,0.94309,0,153.13,244.93,372.6,1
0.6941,-0.63612,0.33701,0,0.67976,0.73326,-0.015966,0,-0.23696,0.24017,0.94137,0,151.47,245.25,373.27,1
