-0.54317,-0.041733,0.83859,0,0.72498,0.48048,0.49349,0,-0.42352,0.87601,-0.23073,0,-200.59,394.91,227.96,1
-0.54084,-0.041608,0.8401,0,0.72683,0.47956,0.49167,0,-0.42333,0.87652,-0.22912,0,-199.13,395.42,228.85,1
-0.53847,-0.041524,0.84162,0,0.7287,0.47861,0.48984,0,-0.42314,0.87705,-0.22746,0,-197.65,395.92,229.76,1
-0.53608,-0.041484,0.84315,0,0.73057,0.47764,0.48799,0,-0.42296,0.87758,-0.22574,0,-196.15,396.4,230.67,1
-0.53364,-0.04149,0.84469,0,0.73244,0.47665,0.48614,0,-0.42279,0.87812,-0.22397,0,-194.63,396.88,231.6,1
-0.53118,-0.041545,0.84624,0,0.73433,0.47563,0.48429,0,-0.42262,0.87866,-0.22214,0,-193.1,397.34,232.54,1
-0.52868,-0.041653,0.8478,0,0.73622,0.4746,0.48242,0,-0.42246,0.87921,-0.22025,0,-191.54,397.79,233.5,1
-0.52615,-0.041815,0.84936,0,0.73812,0.47355,0.48055,0,-0.42231,0.87977,-0.21829,0,-189.97,398.23,234.46,1
-0.52359,-0.042035,0.85094,0,0.74002,0.47248,0.47868,0,-0.42217,0.88034,-0.21628,0,-188.38,398.64,235.44,1
-0.52099,-0.042317,0.85251,0,0.74193,0.47138,0.4768,0,-0.42204,0.88091,-0.21419,0,-186.76,399.04,236.43,1
-0.51836,-0.042662,0.8541,0,0.74384,0.47027,0.47493,0,-0.42192,0.88149,-0.21203,0,-185.13,399.42,237.44,1
-0.51569,-0.043074,0.85569,0,0.74575,0.46914,0.47305,0,-0.42181,0.88208,-0.20981,0,-183.49,399.79,238.45,1
-0.51299,-0.043557,0.85729,0,0.74766,0.46798,0.47117,0,-0.42172,0.88266,-0.2075,0,-181.82,400.12,239.49,1
-0.51026,-0.044113,0.85889,0,0.74957,0.46681,0.46929,0,-0.42164,0.88326,-0.20513,0,-180.14,400.44,240.53,1
-0.5075,-0.044746,0.86049,0,0.75148,0.46561,0.46742,0,-0.42157,0.88386,-0.20267,0,-178.44,400.73,241.59,1
-0.5047,-0.045459,0.8621,0,0.75339,0.4644,0.46555,0,-0.42152,0.88446,-0.20013,0,-176.72,401,242.66,1
-0.50187,-0.046256,0.8637,0,0.7553,0.46316,0.46368,0,-0.42148,0.88507,-0.19751,0,-174.98,401.24,243.75,1
-0.49901,-0.047139,0.86531,0,0.7572,0.46191,0.46183,0,-0.42147,0.88567,-0.1948,0,-173.23,401.45,244.85,1
-0.49612,-0.048114,0.86692,0,0.7591,0.46064,0.45998,0,-0.42147,0.88628,-0.19201,0,-171.46,401.63,245.96,1
-0.49319,-0.049181,0.86853,0,0.76099,0.45934,0.45814,0,-0.42149,0.8869,-0.18912,0,-169.68,401.78,247.09,1
-0.49023,-0.050345,0.87014,0,0.76288,0.45804,0.45631,0,-0.42153,0.88751,-0.18614,0,-167.88,401.89,248.23,1
-0.48725,-0.051609,0.87174,0,0.76476,0.45671,0.45449,0,-0.42159,0.88812,-0.18306,0,-166.07,401.97,249.39,1
-0.48423,-0.052975,0.87334,0,0.76663,0.45536,0.45269,0,-0.42167,0.88873,-0.17989,0,-164.24,402.02,250.57,1
-0.48118,-0.054447,0.87493,0,0.76849,0.454,0.4509,0,-0.42177,0.88934,-0.17661,0,-162.39,402.03,251.75,1
-0.4781,-0.056027,0.87651,0,0.77034,0.45262,0.44912,0,-0.42189,0.88994,-0.17324,0,-160.53,402,252.96,1
-0.475,-0.057718,0.87809,0,0.77218,0.45122,0.44736,0,-0.42204,0.89054,-0.16976,0,-158.66,401.94,254.17,1
-0.47186,-0.059522,0.87966,0,0.77401,0.44981,0.44562,0,-0.42221,0.89114,-0.16618,0,-156.77,401.83,255.41,1
-0.4687,-0.061442,0.88122,0,0.77582,0.44838,0.4439,0,-0.4224,0.89173,-0.16249,0,-154.87,401.68,256.65,1
-0.46551,-0.06348,0.88276,0,0.77763,0.44694,0.4422,0,-0.42261,0.89231,-0.15869,0,-152.96,401.49,257.91,1
-0.46229,-0.065638,0.8843,0,0.77941,0.44548,0.44052,0,-0.42285,0.89288,-0.15478,0,-151.03,401.26,259.19,1
-0.45904,-0.067919,0.88581,0,0.78119,0.44401,0.43887,0,-0.42312,0.89344,-0.15076,0,-149.09,400.98,260.48,1
-0.45577,-0.070324,0.88731,0,0.78294,0.44252,0.43724,0,-0.4234,0.894,-0.14663,0,-147.14,400.65,261.78,1
-0.45248,-0.072856,0.88879,0,0.78468,0.44102,0.43563,0,-0.42372,0.89453,-0.14239,0,-145.18,400.28,263.1,1
-0.44916,-0.075515,0.89025,0,0.78641,0.43951,0.43405,0,-0.42405,0.89506,-0.13803,0,-143.21,399.86,264.43,1
-0.44582,-0.078305,0.89169,0,0.78811,0.43798,0.43249,0,-0.42441,0.89557,-0.13355,0,-141.23,399.39,265.77,1
-0.44245,-0.081225,0.89311,0,0.7898,0.43645,0.43097,0,-0.4248,0.89606,-0.12896,0,-139.24,398.88,267.13,1
-0.43907,-0.084279,0.89449,0,0.79147,0.4349,0.42947,0,-0.42521,0.89653,-0.12425,0,-137.24,398.31,268.5,1
-0.43566,-0.087466,0.89585,0,0.79311,0.43334,0.428,0,-0.42564,0.89698,-0.11942,0,-135.22,397.69,269.88,1
-0.43223,-0.090789,0.89718,0,0.79474,0.43177,0.42657,0,-0.4261,0.8974,-0.11447,0,-133.21,397.02,271.27,1
-0.42878,-0.094248,0.89848,0,0.79635,0.43019,0.42517,0,-0.42659,0.89781,-0.1094,0,-131.18,396.29,272.67,1
-0.42531,-0.097844,0.89974,0,0.79793,0.4286,0.4238,0,-0.42709,0.89818,-0.10422,0,-129.14,395.51,274.09,1
-0.42183,-0.10158,0.90097,0,0.7995,0.427,0.42246,0,-0.42763,0.89853,-0.098909,0,-127.1,394.68,275.51,1
-0.41833,-0.10545,0.90215,0,0.80104,0.42539,0.42116,0,-0.42818,0.89884,-0.093482,0,-125.05,393.79,276.95,1
-0.41481,-0.10946,0.9033,0,0.80256,0.42378,0.4199,0,-0.42876,0.89913,-0.087935,0,-123,392.85,278.39,1
-0.41127,-0.11362,0.9044,0,0.80405,0.42216,0.41867,0,-0.42937,0.89938,-0.082268,0,-120.93,391.85,279.84,1
-0.40773,-0.11791,0.90546,0,0.80552,0.42053,0.41749,0,-0.42999,0.89959,-0.076481,0,-118.87,390.79,281.3,1
-0.40416,-0.12234,0.90647,0,0.80697,0.41889,0.41634,0,-0.43065,0.89976,-0.070574,0,-116.8,389.67,282.77,1
-0.40059,-0.12692,0.90742,0,0.80839,0.41725,0.41523,0,-0.43132,0.89989,-0.064547,0,-114.72,388.5,284.24,1
-0.397,-0.13163,0.90833,0,0.80978,0.4156,0.41416,0,-0.43202,0.89997,-0.058402,0,-112.64,387.27,285.72,1
-0.39341,-0.13648,0.90918,0,0.81115,0.41395,0.41313,0,-0.43274,0.90001,-0.05214,0,-110.56,385.98,287.21,1
-0.3898,-0.14148,0.90997,0,0.8125,0.41229,0.41215,0,-0.43348,0.9,-0.045759,0,-108.47,384.63,288.69,1
-0.38618,-0.14661,0.9107,0,0.81382,0.41062,0.4112,0,-0.43424,0.89994,-0.039263,0,-106.39,383.22,290.19,1
-0.38256,-0.15188,0.91136,0,0.81511,0.40896,0.41031,0,-0.43503,0.89983,-0.032651,0,-104.3,381.75,291.68,1
-0.37892,-0.15729,0.91196,0,0.81637,0.40729,0.40945,0,-0.43583,0.89965,-0.025925,0,-102.21,380.22,293.18,1
-0.37529,-0.16283,0.91249,0,0.81761,0.40561,0.40864,0,-0.43666,0.89942,-0.019087,0,-100.11,378.63,294.68,1
-0.37164,-0.16851,0.91295,0,0.81882,0.40394,0.40788,0,-0.43751,0.89913,-0.012137,0,-98.023,376.98,296.18,1
-0.36799,-0.17433,0.91334,0,0.82,0.40226,0.40716,0,-0.43838,0.89878,-0.0050778,0,-95.932,375.27,297.68,1
-0.36434,-0.18028,0.91365,0,0.82116,0.40058,0.40649,0,-0.43927,0.89835,0.0020896,0,-93.842,373.5,299.18,1
-0.36068,-0.18636,0.91388,0,0.82228,0.39889,0.40587,0,-0.44018,0.89786,0.009363,0,-91.753,371.66,300.67,1
-0.35703,-0.19256,0.91403,0,0.82338,0.39721,0.4053,0,-0.44111,0.8973,0.016741,0,-89.666,369.77,302.16,1
-0.35337,-0.1989,0.9141,0,0.82445,0.39552,0.40478,0,-0.44206,0.89666,0.02422,0,-87.582,367.82,303.65,1
-0.34971,-0.20536,0.91407,0,0.82549,0.39384,0.4043,0,-0.44302,0.89595,0.031799,0,-85.5,365.8,305.13,1
-0.34605,-0.21195,0.91396,0,0.8265,0.39215,0.40387,0,-0.44401,0.89515,0.039476,0,-83.422,363.73,306.61,1
-0.34239,-0.21866,0.91376,0,0.82748,0.39046,0.4035,0,-0.44502,0.89428,0.047247,0,-81.349,361.59,308.08,1
-0.33874,-0.22549,0.91346,0,0.82844,0.38877,0.40317,0,-0.44604,0.89332,0.05511,0,-79.279,359.4,309.54,1
-0.33509,-0.23243,0.91307,0,0.82936,0.38708,0.4029,0,-0.44708,0.89227,0.063062,0,-77.215,357.14,310.99,1
-0.33144,-0.23949,0.91258,0,0.83025,0.38539,0.40268,0,-0.44814,0.89113,0.0711,0,-75.157,354.83,312.44,1
-0.3278,-0.24665,0.91198,0,0.83112,0.38371,0.40251,0,-0.44921,0.88991,0.079222,0,-73.105,352.46,313.87,1
-0.32416,-0.25393,0.91128,0,0.83195,0.38202,0.40239,0,-0.45031,0.88858,0.087423,0,-71.06,350.02,315.29,1
-0.32053,-0.26131,0.91048,0,0.83276,0.38033,0.40232,0,-0.45142,0.88717,0.0957,0,-69.022,347.54,316.69,1
-0.31691,-0.26879,0.90957,0,0.83353,0.37864,0.40231,0,-0.45254,0.88565,0.10405,0,-66.992,344.99,318.09,1
-0.3133,-0.27637,0.90855,0,0.83428,0.37696,0.40235,0,-0.45368,0.88404,0.11247,0,-64.97,342.39,319.46,1
-0.30969,-0.28404,0.90742,0,0.83499,0.37527,0.40244,0,-0.45484,0.88232,0.12096,0,-62.958,339.73,320.82,1
-0.3061,-0.29181,0.90617,0,0.83568,0.37359,0.40259,0,-0.45602,0.8805,0.1295,0,-60.955,337.01,322.17,1
-0.30251,-0.29966,0.90481,0,0.83633,0.37191,0.40279,0,-0.45721,0.87857,0.13811,0,-58.962,334.25,323.49,1
-0.29894,-0.30759,0.90334,0,0.83695,0.37023,0.40304,0,-0.45841,0.87654,0.14676,0,-56.979,331.42,324.8,1
-0.29538,-0.3156,0.90174,0,0.83755,0.36855,0.40334,0,-0.45963,0.8744,0.15547,0,-55.008,328.55,326.08,1
-0.29184,-0.32369,0.90003,0,0.83811,0.36687,0.4037,0,-0.46087,0.87214,0.16422,0,-53.049,325.62,327.35,1
-0.28831,-0.33184,0.8982,0,0.83865,0.36519,0.40412,0,-0.46212,0.86978,0.17301,0,-51.102,322.65,328.59,1
-0.28479,-0.34007,0.89624,0,0.83915,0.36352,0.40458,0,-0.46338,0.8673,0.18184,0,-49.169,319.62,329.81,1
-0.28129,-0.34835,0.89416,0,0.83962,0.36184,0.4051,0,-0.46466,0.86471,0.1907,0,-47.248,316.55,331.01,1
-0.27781,-0.35668,0.89196,0,0.84006,0.36017,0.40567,0,-0.46596,0.862,0.19958,0,-45.342,313.42,332.18,1
-0.27434,-0.36507,0.88964,0,0.84047,0.3585,0.4063,0,-0.46727,0.85918,0.20848,0,-43.451,310.26,333.32,1
-0.27089,-0.37351,0.88719,0,0.84086,0.35684,0.40698,0,-0.46859,0.85625,0.2174,0,-41.575,307.04,334.44,1
-0.26747,-0.38199,0.88462,0,0.84121,0.35517,0.40771,0,-0.46993,0.85319,0.22633,0,-39.715,303.79,335.53,1
-0.26406,-0.3905,0.88192,0,0.84153,0.35351,0.40849,0,-0.47128,0.85002,0.23527,0,-37.872,300.49,336.6,1
-0.26067,-0.39904,0.8791,0,0.84182,0.35185,0.40933,0,-0.47265,0.84674,0.2442,0,-36.046,297.15,337.63,1
-0.2573,-0.40761,0.87615,0,0.84207,0.35019,0.41022,0,-0.47403,0.84334,0.25313,0,-34.238,293.77,338.64,1
-0.25396,-0.4162,0.87309,0,0.8423,0.34854,0.41116,0,-0.47543,0.83982,0.26205,0,-32.448,290.35,339.61,1
-0.25064,-0.42481,0.86989,0,0.8425,0.34688,0.41215,0,-0.47684,0.83619,0.27096,0,-30.678,286.89,340.55,1
-0.24735,-0.43342,0.86658,0,0.84267,0.34524,0.41319,0,-0.47826,0.83244,0.27984,0,-28.927,283.41,341.47,1
-0.24408,-0.44204,0.86315,0,0.8428,0.34359,0.41428,0,-0.4797,0.82858,0.28869,0,-27.197,279.88,342.35,1
-0.24083,-0.45066,0.8596,0,0.84291,0.34195,0.41543,0,-0.48115,0.82461,0.29751,0,-25.488,276.33,343.2,1
-0.23762,-0.45927,0.85592,0,0.84298,0.34031,0.41662,0,-0.48262,0.82052,0.3063,0,-23.802,272.75,344.01,1
-0.23443,-0.46787,0.85214,0,0.84302,0.33867,0.41787,0,-0.48411,0.81633,0.31503,0,-22.138,269.14,344.79,1
-0.23127,-0.47645,0.84824,0,0.84303,0.33704,0.41916,0,-0.48561,0.81203,0.32372,0,-20.497,265.5,345.54,1
-0.22814,-0.48501,0.84423,0,0.84301,0.33542,0.42051,0,-0.48712,0.80762,0.33235,0,-18.88,261.84,346.25,1
-0.22504,-0.49354,0.8401,0,0.84296,0.3338,0.4219,0,-0.48865,0.80312,0.34092,0,-17.289,258.15,346.93,1
-0.22197,-0.50204,0.83588,0,0.84287,0.33218,0.42334,0,-0.4902,0.79851,0.34942,0,-15.723,254.44,347.57,1
-0.21894,-0.51049,0.83154,0,0.84276,0.33057,0.42483,0,-0.49176,0.7938,0.35785,0,-14.184,250.72,348.18,1
-0.21594,-0.5189,0.82711,0,0.84261,0.32897,0.42637,0,-0.49334,0.789,0.36619,0,-12.672,246.98,348.76,1
-0.21297,-0.52726,0.82258,0,0.84243,0.32737,0.42795,0,-0.49493,0.78411,0.37446,0,-11.189,243.22,349.3,1
-0.21004,-0.53556,0.81796,0,0.84222,0.32578,0.42958,0,-0.49654,0.77913,0.38263,0,-9.7345,239.45,349.8,1
-0.20715,-0.5438,0.81325,0,0.84197,0.3242,0.43125,0,-0.49817,0.77406,0.3907,0,-8.3101,235.67,350.27,1
-0.2043,-0.55197,0.80845,0,0.84169,0.32263,0.43297,0,-0.49982,0.76892,0.39867,0,-6.9167,231.88,350.71,1
-0.20149,-0.56007,0.80357,0,0.84138,0.32107,0.43474,0,-0.50149,0.7637,0.40654,0,-5.5552,228.09,351.11,1
-0.19871,-0.56809,0.79862,0,0.84103,0.31952,0.43655,0,-0.50317,0.75841,0.41429,0,-4.2265,224.29,351.48,1
-0.19598,-0.57603,0.79359,0,0.84065,0.31797,0.43841,0,-0.50487,0.75305,0.42192,0,-2.9316,220.49,351.81,1
-0.1933,-0.58388,0.7885,0,0.84023,0.31644,0.44031,0,-0.5066,0.74763,0.42942,0,-1.6711,216.68,352.11,1
-0.19066,-0.59163,0.78334,0,0.83979,0.31492,0.44225,0,-0.50834,0.74215,0.4368,0,-0.44619,212.88,352.37,1
-0.18806,-0.5993,0.77812,0,0.8393,0.31342,0.44423,0,-0.51011,0.73662,0.44405,0,0.74248,209.08,352.61,1
-0.18551,-0.60686,0.77286,0,0.83878,0.31193,0.44626,0,-0.51189,0.73104,0.45116,0,1.894,205.28,352.81,1
-0.18301,-0.61432,0.76754,0,0.83822,0.31045,0.44833,0,-0.5137,0.72542,0.45812,0,3.0076,201.49,352.98,1
-0.18055,-0.62167,0.76218,0,0.83763,0.30898,0.45045,0,-0.51553,0.71976,0.46494,0,4.0826,197.71,353.12,1
-0.17815,-0.62891,0.75679,0,0.837,0.30753,0.4526,0,-0.51738,0.71407,0.47162,0,5.118,193.94,353.23,1
-0.17579,-0.63604,0.75136,0,0.83634,0.3061,0.4548,0,-0.51926,0.70834,0.47814,0,6.1132,190.18,353.3,1
-0.17349,-0.64306,0.74591,0,0.83564,0.30469,0.45703,0,-0.52117,0.7026,0.4845,0,7.0674,186.43,353.35,1
-0.17124,-0.64995,0.74043,0,0.8349,0.30329,0.45931,0,-0.52309,0.69684,0.49071,0,7.9799,182.7,353.37,1
-0.16904,-0.65673,0.73494,0,0.83412,0.30191,0.46162,0,-0.52505,0.69106,0.49675,0,8.8501,178.98,353.37,1
-0.16689,-0.66338,0.72944,0,0.8333,0.30055,0.46398,0,-0.52703,0.68527,0.50264,0,9.6771,175.28,353.34,1
-0.1648,-0.6699,0.72393,0,0.83245,0.29921,0.46638,0,-0.52903,0.67949,0.50835,0,10.46,171.59,353.28,1
-0.16276,-0.67631,0.71842,0,0.83155,0.29788,0.46881,0,-0.53106,0.6737,0.5139,0,11.199,167.93,353.19,1
-0.16077,-0.68258,0.71291,0,0.83062,0.29658,0.47129,0,-0.53313,0.66793,0.51928,0,11.893,164.28,353.09,1
-0.15885,-0.68872,0.70741,0,0.82965,0.2953,0.4738,0,-0.53521,0.66216,0.52449,0,12.542,160.66,352.95,1
-0.15698,-0.69474,0.70193,0,0.82863,0.29404,0.47635,0,-0.53733,0.65641,0.52952,0,13.144,157.07,352.8,1
-0.15517,-0.70062,0.69646,0,0.82758,0.29281,0.47893,0,-0.53948,0.65069,0.53438,0,13.7,153.49,352.62,1
-0.15341,-0.70637,0.69102,0,0.82648,0.29159,0.48156,0,-0.54166,0.64499,0.53907,0,14.208,149.94,352.43,1
-0.15172,-0.71199,0.68561,0,0.82535,0.29041,0.48422,0,-0.54386,0.63933,0.54357,0,14.668,146.42,352.21,1
-0.15008,-0.71747,0.68023,0,0.82417,0.28924,0.48692,0,-0.5461,0.6337,0.54791,0,15.08,142.92,351.97,1
-0.14851,-0.72282,0.67489,0,0.82295,0.2881,0.48965,0,-0.54836,0.62812,0.55206,0,15.443,139.46,351.72,1
-0.147,-0.72804,0.66959,0,0.82169,0.28698,0.49242,0,-0.55066,0.62258,0.55603,0,15.757,136.02,351.45,1
-0.14555,-0.73312,0.66434,0,0.82038,0.28589,0.49522,0,-0.55298,0.61709,0.55983,0,16.02,132.61,351.16,1
-0.14416,-0.73807,0.65914,0,0.81903,0.28482,0.49806,0,-0.55534,0.61166,0.56344,0,16.234,129.23,350.85,1
-0.14284,-0.74289,0.654,0,0.81764,0.28378,0.50093,0,-0.55773,0.60629,0.56688,0,16.397,125.89,350.53,1
-0.14158,-0.74757,0.64892,0,0.81621,0.28277,0.50383,0,-0.56015,0.60098,0.57014,0,16.509,122.57,350.2,1
-0.14038,-0.75212,0.6439,0,0.81473,0.28178,0.50677,0,-0.56259,0.59575,0.57322,0,16.57,119.29,349.85,1
-0.13925,-0.75654,0.63895,0,0.81321,0.28082,0.50974,0,-0.56507,0.59058,0.57612,0,16.578,116.04,349.49,1
-0.13819,-0.76083,0.63407,0,0.81164,0.27989,0.51274,0,-0.56757,0.5855,0.57884,0,16.535,112.83,349.12,1
-0.1372,-0.76498,0.62927,0,0.81003,0.27899,0.51577,0,-0.57011,0.58049,0.58138,0,16.439,109.65,348.74,1
-0.13627,-0.76901,0.62455,0,0.80838,0.27811,0.51882,0,-0.57267,0.57557,0.58375,0,16.291,106.51,348.34,1
-0.13541,-0.77291,0.6199,0,0.80668,0.27726,0.52191,0,-0.57527,0.57074,0.58594,0,16.089,103.4,347.94,1
-0.13463,-0.77667,0.61535,0,0.80494,0.27645,0.52503,0,-0.57789,0.566,0.58796,0,15.835,100.33,347.52,1
-0.13391,-0.78032,0.61088,0,0.80315,0.27565,0.52817,0,-0.58053,0.56136,0.5898,0,15.526,97.3,347.1,1
-0.13326,-0.78383,0.6065,0,0.80132,0.27489,0.53134,0,-0.5832,0.55681,0.59147,0,15.165,94.305,346.67,1
-0.13269,-0.78723,0.60222,0,0.79945,0.27416,0.53453,0,-0.5859,0.55237,0.59297,0,14.749,91.349,346.23,1
-0.13219,-0.79049,0.59803,0,0.79753,0.27346,0.53775,0,-0.58862,0.54803,0.59429,0,14.28,88.431,345.78,1
-0.13177,-0.79364,0.59395,0,0.79556,0.27278,0.54099,0,-0.59137,0.54381,0.59545,0,13.756,85.552,345.33,1
-0.13142,-0.79666,0.58996,0,0.79356,0.27214,0.54425,0,-0.59413,0.53969,0.59644,0,13.179,82.713,344.87,1
-0.13114,-0.79957,0.58608,0,0.79151,0.27152,0.54753,0,-0.59692,0.53569,0.59726,0,12.547,79.914,344.41,1
-0.13094,-0.80236,0.5823,0,0.78942,0.27093,0.55083,0,-0.59973,0.53181,0.59792,0,11.862,77.156,343.94,1
-0.13082,-0.80503,0.57864,0,0.78728,0.27038,0.55415,0,-0.60256,0.52804,0.59841,0,11.122,74.439,343.46,1
-0.13078,-0.80758,0.57507,0,0.7851,0.26985,0.55749,0,-0.6054,0.5244,0.59874,0,10.328,71.763,342.98,1
-0.13081,-0.81002,0.57163,0,0.78289,0.26935,0.56084,0,-0.60826,0.52088,0.59892,0,9.4809,69.129,342.5,1
-0.13093,-0.81235,0.56829,0,0.78063,0.26888,0.5642,0,-0.61113,0.51749,0.59894,0,8.5795,66.537,342.01,1
-0.13112,-0.81456,0.56506,0,0.77833,0.26844,0.56758,0,-0.61402,0.51422,0.5988,0,7.6245,63.987,341.52,1
-0.1314,-0.81667,0.56195,0,0.77599,0.26803,0.57097,0,-0.61691,0.51109,0.5985,0,6.6162,61.481,341.02,1
-0.13175,-0.81867,0.55895,0,0.77361,0.26765,0.57437,0,-0.61982,0.50808,0.59806,0,5.5548,59.018,340.52,1
-0.13219,-0.82056,0.55607,0,0.77119,0.2673,0.57777,0,-0.62273,0.50521,0.59747,0,4.4406,56.598,340.02,1
-0.13272,-0.82234,0.5533,0,0.76873,0.26698,0.58118,0,-0.62565,0.50248,0.59673,0,3.2739,54.222,339.51,1
-0.13332,-0.82402,0.55065,0,0.76624,0.26668,0.58459,0,-0.62857,0.49987,0.59584,0,2.0552,51.891,339.01,1
-0.13401,-0.8256,0.54812,0,0.76372,0.26642,0.58801,0,-0.63149,0.49741,0.59482,0,0.78484,49.604,338.49,1
-0.13478,-0.82707,0.5457,0,0.76116,0.26618,0.59143,0,-0.63441,0.49508,0.59365,0,-0.53664,47.362,337.98,1
-0.13564,-0.82845,0.5434,0,0.75856,0.26597,0.59485,0,-0.63733,0.49289,0.59235,0,-1.9087,45.165,337.46,1
-0.13658,-0.82972,0.54121,0,0.75594,0.26579,0.59826,0,-0.64024,0.49083,0.59091,0,-3.3308,43.014,336.94,1
-0.13761,-0.8309,0.53914,0,0.75328,0.26564,0.60167,0,-0.64314,0.48892,0.58935,0,-4.8022,40.908,336.42,1
-0.13872,-0.83198,0.53718,0,0.75059,0.26552,0.60507,0,-0.64604,0.48714,0.58765,0,-6.3223,38.848,335.9,1
-0.13992,-0.83297,0.53533,0,0.74788,0.26542,0.60846,0,-0.64892,0.4855,0.58583,0,-7.8903,36.835,335.37,1
-0.1412,-0.83387,0.5336,0,0.74514,0.26535,0.61185,0,-0.65179,0.484,0.58388,0,-9.5054,34.868,334.84,1
-0.14257,-0.83467,0.53198,0,0.74238,0.2653,0.61522,0,-0.65464,0.48264,0.58182,0,-11.167,32.947,334.31,1
-0.14402,-0.83538,0.53047,0,0.73959,0.26529,0.61857,0,-0.65747,0.48141,0.57963,0,-12.873,31.074,333.77,1
-0.14556,-0.83601,0.52906,0,0.73678,0.2653,0.62191,0,-0.66028,0.48033,0.57734,0,-14.624,29.247,333.24,1
-0.14717,-0.83654,0.52777,0,0.73395,0.26533,0.62523,0,-0.66307,0.47937,0.57493,0,-16.419,27.467,332.69,1
-0.14888,-0.83699,0.52658,0,0.7311,0.26539,0.62853,0,-0.66583,0.47856,0.57242,0,-18.255,25.735,332.15,1
-0.15066,-0.83735,0.52549,0,0.72824,0.26547,0.63181,0,-0.66856,0.47787,0.5698,0,-20.133,24.049,331.6,1
-0.15253,-0.83763,0.52451,0,0.72536,0.26558,0.63507,0,-0.67126,0.47732,0.56708,0,-22.05,22.411,331.05,1
-0.15447,-0.83783,0.52362,0,0.72247,0.26571,0.6383,0,-0.67392,0.4769,0.56427,0,-24.006,20.821,330.49,1
-0.1565,-0.83795,0.52283,0,0.71958,0.26587,0.6415,0,-0.67655,0.47661,0.56136,0,-25.999,19.278,329.94,1
-0.1586,-0.83798,0.52214,0,0.71667,0.26605,0.64467,0,-0.67914,0.47645,0.55836,0,-28.028,17.782,329.37,1
-0.16078,-0.83794,0.52154,0,0.71376,0.26625,0.64781,0,-0.68169,0.47641,0.55528,0,-30.091,16.334,328.81,1
-0.16304,-0.83782,0.52103,0,0.71084,0.26647,0.65092,0,-0.6842,0.47649,0.55211,0,-32.187,14.933,328.24,1
-0.16536,-0.83763,0.52061,0,0.70792,0.26672,0.654,0,-0.68666,0.4767,0.54887,0,-34.314,13.578,327.67,1
-0.16776,-0.83736,0.52027,0,0.705,0.26698,0.65703,0,-0.68908,0.47702,0.54555,0,-36.47,12.271,327.09,1
-0.17023,-0.83702,0.52001,0,0.70209,0.26726,0.66003,0,-0.69144,0.47745,0.54217,0,-38.654,11.01,326.5,1
-0.17277,-0.83661,0.51984,0,0.69918,0.26757,0.66299,0,-0.69376,0.478,0.53872,0,-40.864,9.7958,325.92,1
-0.17537,-0.83614,0.51973,0,0.69628,0.26789,0.66591,0,-0.69602,0.47866,0.53521,0,-43.098,8.6272,325.33,1
-0.17803,-0.83559,0.51971,0,0.69339,0.26823,0.66878,0,-0.69823,0.47942,0.53164,0,-45.354,7.5041,324.73,1
-0.18075,-0.83498,0.51975,0,0.69051,0.26858,0.67161,0,-0.70038,0.48028,0.52802,0,-47.63,6.4262,324.13,1
-0.18353,-0.83431,0.51986,0,0.68764,0.26895,0.6744,0,-0.70247,0.48125,0.52435,0,-49.925,5.3927,323.53,1
-0.18636,-0.83357,0.52003,0,0.6848,0.26934,0.67713,0,-0.7045,0.4823,0.52063,0,-52.235,4.4033,322.92,1
-0.18924,-0.83278,0.52026,0,0.68197,0.26974,0.67982,0,-0.70648,0.48345,0.51688,0,-54.56,3.4571,322.31,1
-0.19216,-0.83193,0.52055,0,0.67916,0.27015,0.68247,0,-0.70839,0.48468,0.5131,0,-56.895,2.5535,321.69,1
-0.19513,-0.83102,0.52089,0,0.67638,0.27058,0.68506,0,-0.71024,0.48599,0.50928,0,-59.241,1.6917,321.07,1
-0.19814,-0.83006,0.52128,0,0.67362,0.27102,0.6876,0,-0.71202,0.48739,0.50545,0,-61.593,0.87083,320.45,1
-0.20118,-0.82906,0.52172,0,0.67089,0.27147,0.69008,0,-0.71375,0.48885,0.50159,0,-63.95,0.089936,319.82,1
-0.20425,-0.828,0.5222,0,0.66819,0.27192,0.69252,0,-0.71541,0.49038,0.49772,0,-66.309,-0.65194,319.18,1
-0.20735,-0.8269,0.52272,0,0.66552,0.27239,0.6949,0,-0.717,0.49197,0.49384,0,-68.668,-1.3558,318.55,1
-0.21048,-0.82576,0.52328,0,0.66289,0.27286,0.69723,0,-0.71853,0.49362,0.48995,0,-71.025,-2.0226,317.91,1
-0.21362,-0.82458,0.52386,0,0.66029,0.27335,0.6995,0,-0.71999,0.49533,0.48607,0,-73.377,-2.6534,317.27,1
-0.21677,-0.82336,0.52448,0,0.65773,0.27383,0.70172,0,-0.72139,0.49708,0.48219,0,-75.723,-3.2492,316.62,1
-0.21994,-0.82211,0.52513,0,0.6552,0.27432,0.70388,0,-0.72273,0.49888,0.47832,0,-78.06,-3.8112,315.98,1
-0.22311,-0.82083,0.5258,0,0.65272,0.27482,0.70599,0,-0.724,0.50072,0.47446,0,-80.385,-4.3404,315.33,1
-0.22629,-0.81951,0.52649,0,0.65028,0.27532,0.70804,0,-0.72521,0.50259,0.47061,0,-82.698,-4.8379,314.68,1
-0.22946,-0.81817,0.5272,0,0.64789,0.27583,0.71004,0,-0.72635,0.5045,0.46679,0,-84.996,-5.3049,314.02,1
-0.23263,-0.81681,0.52793,0,0.64554,0.27633,0.71198,0,-0.72744,0.50643,0.463,0,-87.276,-5.7424,313.37,1
-0.23579,-0.81542,0.52867,0,0.64323,0.27684,0.71387,0,-0.72846,0.50838,0.45923,0,-89.538,-6.1517,312.72,1
-0.23893,-0.81401,0.52943,0,0.64098,0.27735,0.7157,0,-0.72943,0.51035,0.4555,0,-91.779,-6.5339,312.07,1
-0.24206,-0.81259,0.53019,0,0.63877,0.27785,0.71748,0,-0.73033,0.51234,0.4518,0,-93.997,-6.8903,311.41,1
-0.24516,-0.81116,0.53096,0,0.63661,0.27836,0.7192,0,-0.73118,0.51434,0.44814,0,-96.191,-7.2219,310.76,1
-0.24825,-0.80971,0.53174,0,0.63449,0.27887,0.72087,0,-0.73198,0.51634,0.44453,0,-98.358,-7.5301,310.11,1
-0.2513,-0.80825,0.53252,0,0.63243,0.27938,0.72248,0,-0.73272,0.51834,0.44096,0,-100.5,-7.8161,309.47,1
-0.25432,-0.80679,0.53331,0,0.63042,0.27988,0.72404,0,-0.73341,0.52034,0.43744,0,-102.61,-8.081,308.82,1
-0.2573,-0.80532,0.53409,0,0.62846,0.28039,0.72555,0,-0.73405,0.52234,0.43397,0,-104.69,-8.3262,308.18,1
-0.26025,-0.80385,0.53487,0,0.62656,0.28089,0.727,0,-0.73464,0.52433,0.43056,0,-106.73,-8.5528,307.55,1
-0.26315,-0.80239,0.53565,0,0.6247,0.28138,0.7284,0,-0.73519,0.5263,0.4272,0,-108.75,-8.7622,306.92,1
-0.26601,-0.80093,0.53643,0,0.6229,0.28188,0.72976,0,-0.73569,0.52826,0.42391,0,-110.72,-8.9555,306.29,1
-0.26882,-0.79947,0.5372,0,0.62115,0.28237,0.73106,0,-0.73615,0.5302,0.42068,0,-112.66,-9.1339,305.67,1
-0.27158,-0.79802,0.53796,0,0.61945,0.28286,0.73231,0,-0.73657,0.53212,0.41752,0,-114.56,-9.2988,305.06,1
-0.27428,-0.79659,0.53872,0,0.6178,0.28334,0.73351,0,-0.73695,0.53401,0.41442,0,-116.43,-9.4513,304.45,1
-0.27692,-0.79517,0.53946,0,0.61621,0.28382,0.73467,0,-0.73729,0.53587,0.4114,0,-118.25,-9.5927,303.85,1
-0.27951,-0.79377,0.5402,0,0.61467,0.28429,0.73577,0,-0.7376,0.5377,0.40844,0,-120.03,-9.7242,303.26,1
-0.28203,-0.79238,0.54092,0,0.61318,0.28476,0.73683,0,-0.73788,0.53949,0.40556,0,-121.77,-9.8469,302.68,1
-0.28448,-0.79102,0.54163,0,0.61174,0.28522,0.73785,0,-0.73814,0.54124,0.40276,0,-123.46,-9.9621,302.11,1
-0.28686,-0.78968,0.54233,0,0.61036,0.28568,0.73882,0,-0.73836,0.54295,0.40003,0,-125.11,-10.071,301.55,1
-0.28918,-0.78836,0.54301,0,0.60902,0.28613,0.73974,0,-0.73856,0.54462,0.39739,0,-126.72,-10.175,300.99,1
-0.29142,-0.78708,0.54368,0,0.60774,0.28658,0.74063,0,-0.73874,0.54624,0.39482,0,-128.27,-10.274,300.45,1
-0.29358,-0.78582,0.54433,0,0.6065,0.28702,0.74147,0,-0.7389,0.54782,0.39234,0,-129.78,-10.37,299.93,1
-0.29567,-0.7846,0.54497,0,0.60532,0.28746,0.74226,0,-0.73904,0.54934,0.38994,0,-131.25,-10.465,299.41,1
-0.29767,-0.78341,0.54559,0,0.60418,0.28789,0.74302,0,-0.73916,0.55081,0.38762,0,-132.66,-10.559,298.91,1
-0.2996,-0.78225,0.54619,0,0.60309,0.28832,0.74374,0,-0.73927,0.55222,0.38539,0,-134.02,-10.652,298.42,1
-0.30144,-0.78114,0.54677,0,0.60205,0.28874,0.74442,0,-0.73937,0.55358,0.38325,0,-135.34,-10.747,297.94,1
-0.30319,-0.78006,0.54733,0,0.60106,0.28915,0.74506,0,-0.73946,0.55488,0.3812,0,-136.6,-10.844,297.48,1
-0.30486,-0.77903,0.54788,0,0.60012,0.28956,0.74566,0,-0.73954,0.55611,0.37923,0,-137.82,-10.944,297.03,1
-0.30644,-0.77804,0.5484,0,0.59921,0.28997,0.74623,0,-0.73962,0.55729,0.37736,0,-138.98,-11.048,296.6,1
-0.30793,-0.7771,0.5489,0,0.59836,0.29037,0.74676,0,-0.73969,0.55839,0.37557,0,-140.08,-11.157,296.18,1
-0.30934,-0.7762,0.54938,0,0.59755,0.29076,0.74726,0,-0.73976,0.55944,0.37387,0,-141.14,-11.271,295.78,1
-0.31065,-0.77535,0.54984,0,0.59678,0.29115,0.74772,0,-0.73983,0.56041,0.37227,0,-142.15,-11.392,295.4,1
-0.31186,-0.77456,0.55028,0,0.59605,0.29153,0.74815,0,-0.73991,0.56131,0.37076,0,-143.1,-11.52,295.03,1
-0.31298,-0.77381,0.55069,0,0.59537,0.29191,0.74855,0,-0.73999,0.56215,0.36934,0,-143.99,-11.655,294.68,1
-0.31401,-0.77311,0.55109,0,0.59472,0.29228,0.74892,0,-0.74007,0.56291,0.36801,0,-144.84,-11.799,294.35,1
-0.31495,-0.77247,0.55145,0,0.59412,0.29265,0.74925,0,-0.74015,0.5636,0.36677,0,-145.63,-11.951,294.03,1
-0.31578,-0.77188,0.5518,0,0.59356,0.29301,0.74956,0,-0.74025,0.56422,0.36563,0,-146.36,-12.113,293.73,1
-0.31652,-0.77135,0.55212,0,0.59303,0.29337,0.74983,0,-0.74035,0.56477,0.36457,0,-147.05,-12.285,293.45,1
-0.31717,-0.77087,0.55242,0,0.59255,0.29372,0.75008,0,-0.74047,0.56523,0.36361,0,-147.67,-12.468,293.19,1
-0.31771,-0.77045,0.55269,0,0.59209,0.29407,0.7503,0,-0.74059,0.56563,0.36275,0,-148.25,-12.661,292.95,1
-0.31816,-0.77008,0.55294,0,0.59168,0.29442,0.75049,0,-0.74073,0.56594,0.36197,0,-148.77,-12.866,292.73,1
-0.31852,-0.76978,0.55317,0,0.5913,0.29476,0.75065,0,-0.74088,0.56618,0.36129,0,-149.23,-13.082,292.52,1
-0.31877,-0.76953,0.55337,0,0.59096,0.29509,0.75079,0,-0.74105,0.56635,0.36069,0,-149.64,-13.309,292.34,1
-0.31893,-0.76934,0.55354,0,0.59065,0.29542,0.7509,0,-0.74123,0.56643,0.36019,0,-150,-13.549,292.17,1
-0.31899,-0.7692,0.55369,0,0.59038,0.29575,0.75099,0,-0.74142,0.56644,0.35978,0,-150.3,-13.8,292.03,1
-0.31895,-0.76913,0.55381,0,0.59013,0.29607,0.75106,0,-0.74163,0.56638,0.35945,0,-150.55,-14.064,291.9,1
-0.31882,-0.76911,0.55391,0,0.58992,0.29639,0.75109,0,-0.74185,0.56623,0.35922,0,-150.75,-14.34,291.8,1
-0.31859,-0.76916,0.55398,0,0.58974,0.29671,0.75111,0,-0.74209,0.56601,0.35908,0,-150.89,-14.627,291.71,1
-0.31827,-0.76926,0.55403,0,0.5896,0.29702,0.7511,0,-0.74235,0.56571,0.35902,0,-150.98,-14.927,291.64,1
-0.31785,-0.76941,0.55405,0,0.58948,0.29733,0.75107,0,-0.74262,0.56533,0.35905,0,-151.02,-15.238,291.59,1
-0.31734,-0.76963,0.55405,0,0.58939,0.29763,0.75102,0,-0.74291,0.56488,0.35916,0,-151,-15.561,291.57,1
-0.31673,-0.7699,0.55402,0,0.58934,0.29793,0.75094,0,-0.74321,0.56435,0.35937,0,-150.93,-15.895,291.56,1
-0.31603,-0.77023,0.55396,0,0.58931,0.29823,0.75085,0,-0.74353,0.56375,0.35965,0,-150.81,-16.24,291.57,1
-0.31524,-0.77061,0.55388,0,0.58931,0.29852,0.75073,0,-0.74386,0.56307,0.36002,0,-150.64,-16.596,291.6,1
-0.31436,-0.77104,0.55378,0,0.58934,0.29881,0.75059,0,-0.74421,0.56232,0.36047,0,-150.41,-16.962,291.65,1
-0.31339,-0.77153,0.55365,0,0.5894,0.29909,0.75043,0,-0.74458,0.5615,0.36101,0,-150.14,-17.338,291.71,1
-0.31234,-0.77207,0.55349,0,0.58949,0.29938,0.75025,0,-0.74495,0.56061,0.36162,0,-149.82,-17.722,291.8,1
-0.31119,-0.77266,0.55331,0,0.5896,0.29965,0.75005,0,-0.74534,0.55964,0.36231,0,-149.44,-18.116,291.91,1
-0.30996,-0.7733,0.5531,0,0.58974,0.29993,0.74983,0,-0.74574,0.55861,0.36308,0,-149.02,-18.517,292.03,1
-0.30865,-0.77399,0.55287,0,0.58991,0.3002,0.74959,0,-0.74615,0.55751,0.36393,0,-148.55,-18.926,292.18,1
-0.30726,-0.77473,0.55262,0,0.59011,0.30047,0.74933,0,-0.74657,0.55634,0.36485,0,-148.03,-19.341,292.34,1
-0.30578,-0.77551,0.55234,0,0.59033,0.30073,0.74905,0,-0.747,0.55511,0.36585,0,-147.46,-19.762,292.52,1
-0.30423,-0.77634,0.55204,0,0.59058,0.30099,0.74875,0,-0.74744,0.55381,0.36692,0,-146.85,-20.187,292.72,1
-0.3026,-0.7772,0.55172,0,0.59085,0.30124,0.74843,0,-0.74788,0.55246,0.36806,0,-146.19,-20.617,292.93,1
