-0.54317,-0.041733,0.83859,0,0.72498,0.48048,0.49349,0,-0.42352,0.87601,-0.23073,0,-200.59,394.91,227.96,1
-0.54422,-0.043539,0.83781,0,0.72352,0.48115,0.49499,0,-0.42466,0.87556,-0.23035,0,-201.35,393.98,227.81,1
-0.54531,-0.045416,0.83701,0,0.72201,0.48182,0.49653,0,-0.42584,0.87509,-0.22995,0,-202.14,393.01,227.65,1
-0.54641,-0.047364,0.83618,0,0.72046,0.48249,0.49813,0,-0.42704,0.87462,-0.22952,0,-202.94,392.01,227.5,1
-0.54754,-0.049379,0.83532,0,0.71887,0.48317,0.49977,0,-0.42828,0.87413,-0.22906,0,-203.76,390.98,227.34,1
-0.54869,-0.05146,0.83444,0,0.71724,0.48384,0.50146,0,-0.42954,0.87364,-0.22857,0,-204.6,389.91,227.18,1
-0.54985,-0.053605,0.83354,0,0.71558,0.4845,0.50319,0,-0.43083,0.87314,-0.22805,0,-205.45,388.81,227.02,1
-0.55103,-0.055812,0.83262,0,0.71388,0.48516,0.50497,0,-0.43214,0.87264,-0.2275,0,-206.32,387.69,226.87,1
-0.55222,-0.058077,0.83167,0,0.71215,0.48581,0.50678,0,-0.43347,0.87213,-0.22691,0,-207.2,386.53,226.71,1
-0.55342,-0.0604,0.83071,0,0.7104,0.48645,0.50863,0,-0.43482,0.87162,-0.2263,0,-208.08,385.35,226.55,1
-0.55462,-0.062776,0.82973,0,0.70862,0.48707,0.51052,0,-0.43618,0.8711,-0.22566,0,-208.97,384.14,226.4,1
-0.55583,-0.065205,0.82873,0,0.70682,0.48767,0.51243,0,-0.43756,0.87059,-0.22498,0,-209.87,382.9,226.24,1
-0.55705,-0.067683,0.82772,0,0.705,0.48825,0.51438,0,-0.43895,0.87007,-0.22426,0,-210.77,381.65,226.1,1
-0.55826,-0.070207,0.82669,0,0.70317,0.48881,0.51635,0,-0.44035,0.86956,-0.22351,0,-211.66,380.37,225.95,1
-0.55946,-0.072774,0.82565,0,0.70133,0.48934,0.51835,0,-0.44175,0.86905,-0.22273,0,-212.56,379.07,225.81,1
-0.56066,-0.075383,0.82461,0,0.69948,0.48985,0.52037,0,-0.44316,0.86854,-0.22191,0,-213.45,377.76,225.68,1
-0.56185,-0.078028,0.82355,0,0.69763,0.49032,0.5224,0,-0.44456,0.86804,-0.22105,0,-214.33,376.43,225.56,1
-0.56303,-0.080709,0.82248,0,0.69578,0.49076,0.52445,0,-0.44597,0.86755,-0.22016,0,-215.21,375.09,225.44,1
-0.5642,-0.083421,0.82141,0,0.69393,0.49116,0.52652,0,-0.44737,0.86707,-0.21922,0,-216.07,373.73,225.33,1
-0.56534,-0.086162,0.82034,0,0.6921,0.49152,0.52859,0,-0.44876,0.86659,-0.21825,0,-216.92,372.36,225.23,1
-0.56647,-0.088928,0.81927,0,0.69027,0.49184,0.53067,0,-0.45014,0.86613,-0.21723,0,-217.76,370.99,225.15,1
-0.56758,-0.091717,0.81819,0,0.68847,0.49212,0.53275,0,-0.45152,0.86568,-0.21618,0,-218.57,369.61,225.07,1
-0.56866,-0.094527,0.81712,0,0.68668,0.49236,0.53484,0,-0.45287,0.86524,-0.21508,0,-219.37,368.22,225.01,1
-0.56972,-0.097354,0.81605,0,0.68491,0.49255,0.53693,0,-0.45422,0.86482,-0.21393,0,-220.15,366.82,224.97,1
-0.57075,-0.1002,0.81499,0,0.68318,0.49268,0.53901,0,-0.45554,0.86442,-0.21275,0,-220.9,365.43,224.93,1
-0.57175,-0.10305,0.81393,0,0.68147,0.49277,0.54109,0,-0.45684,0.86403,-0.21152,0,-221.63,364.03,224.92,1
-0.57272,-0.10592,0.81288,0,0.67979,0.49281,0.54316,0,-0.45813,0.86367,-0.21024,0,-222.33,362.64,224.92,1
-0.57365,-0.10879,0.81184,0,0.67815,0.49279,0.54522,0,-0.45938,0.86332,-0.20892,0,-223.01,361.24,224.94,1
-0.57455,-0.11166,0.81082,0,0.67655,0.49272,0.54727,0,-0.46062,0.86299,-0.20755,0,-223.66,359.85,224.97,1
-0.57541,-0.11454,0.8098,0,0.675,0.49259,0.5493,0,-0.46182,0.86269,-0.20613,0,-224.27,358.46,225.03,1
-0.57623,-0.11743,0.80881,0,0.67349,0.49241,0.55132,0,-0.463,0.86241,-0.20466,0,-224.85,357.08,225.11,1
-0.57702,-0.12031,0.80782,0,0.67202,0.49217,0.55331,0,-0.46415,0.86215,-0.20314,0,-225.4,355.7,225.2,1
-0.57776,-0.12318,0.80686,0,0.67061,0.49187,0.55529,0,-0.46527,0.86191,-0.20157,0,-225.92,354.34,225.32,1
-0.57846,-0.12605,0.80591,0,0.66925,0.4915,0.55725,0,-0.46635,0.8617,-0.19995,0,-226.4,352.98,225.47,1
-0.57912,-0.12892,0.80498,0,0.66795,0.49108,0.55918,0,-0.4674,0.86152,-0.19828,0,-226.84,351.63,225.63,1
-0.57973,-0.13177,0.80408,0,0.66671,0.49059,0.56109,0,-0.46841,0.86137,-0.19656,0,-227.24,350.29,225.82,1
-0.5803,-0.13462,0.8032,0,0.66552,0.49005,0.56297,0,-0.46939,0.86124,-0.19478,0,-227.61,348.96,226.04,1
-0.58082,-0.13745,0.80234,0,0.6644,0.48944,0.56482,0,-0.47033,0.86114,-0.19295,0,-227.93,347.65,226.28,1
-0.5813,-0.14027,0.80151,0,0.66335,0.48876,0.56664,0,-0.47123,0.86107,-0.19107,0,-228.22,346.35,226.55,1
-0.58173,-0.14308,0.8007,0,0.66236,0.48802,0.56842,0,-0.47209,0.86102,-0.18913,0,-228.46,345.07,226.84,1
-0.5821,-0.14586,0.79992,0,0.66145,0.48722,0.57018,0,-0.47291,0.86101,-0.18713,0,-228.66,343.79,227.17,1
-0.58243,-0.14864,0.79917,0,0.6606,0.48635,0.5719,0,-0.47369,0.86103,-0.18508,0,-228.82,342.54,227.52,1
-0.58271,-0.15139,0.79845,0,0.65983,0.48542,0.57358,0,-0.47442,0.86107,-0.18297,0,-228.93,341.3,227.9,1
-0.58294,-0.15412,0.79776,0,0.65913,0.48442,0.57522,0,-0.47511,0.86115,-0.1808,0,-229,340.08,228.31,1
-0.58312,-0.15684,0.79711,0,0.65851,0.48336,0.57683,0,-0.47575,0.86126,-0.17858,0,-229.02,338.87,228.75,1
-0.58324,-0.15953,0.79648,0,0.65796,0.48223,0.5784,0,-0.47635,0.8614,-0.17629,0,-228.99,337.68,229.21,1
-0.58332,-0.1622,0.79589,0,0.6575,0.48103,0.57992,0,-0.47691,0.86157,-0.17395,0,-228.92,336.51,229.72,1
-0.58334,-0.16484,0.79533,0,0.65711,0.47977,0.5814,0,-0.47741,0.86177,-0.17154,0,-228.8,335.36,230.25,1
-0.5833,-0.16747,0.7948,0,0.65681,0.47844,0.58284,0,-0.47787,0.862,-0.16908,0,-228.64,334.22,230.81,1
-0.58322,-0.17007,0.79431,0,0.65658,0.47704,0.58423,0,-0.47828,0.86227,-0.16656,0,-228.43,333.11,231.41,1
-0.58308,-0.17265,0.79386,0,0.65644,0.47558,0.58558,0,-0.47864,0.86256,-0.16397,0,-228.16,332.01,232.03,1
-0.58289,-0.1752,0.79344,0,0.65639,0.47406,0.58688,0,-0.47895,0.86289,-0.16133,0,-227.85,330.93,232.69,1
-0.58265,-0.17772,0.79306,0,0.65641,0.47246,0.58813,0,-0.47921,0.86325,-0.15862,0,-227.49,329.87,233.39,1
-0.58235,-0.18023,0.79271,0,0.65652,0.4708,0.58934,0,-0.47942,0.86363,-0.15585,0,-227.08,328.83,234.11,1
-0.582,-0.1827,0.7924,0,0.65672,0.46908,0.5905,0,-0.47958,0.86405,-0.15301,0,-226.62,327.8,234.87,1
-0.58159,-0.18516,0.79213,0,0.657,0.46728,0.5916,0,-0.47969,0.8645,-0.15012,0,-226.12,326.79,235.66,1
-0.58113,-0.18758,0.7919,0,0.65737,0.46543,0.59266,0,-0.47974,0.86498,-0.14716,0,-225.56,325.8,236.48,1
-0.58062,-0.18999,0.7917,0,0.65782,0.4635,0.59366,0,-0.47974,0.86549,-0.14414,0,-224.95,324.83,237.34,1
-0.58005,-0.19237,0.79154,0,0.65836,0.46152,0.59462,0,-0.47969,0.86602,-0.14106,0,-224.29,323.88,238.23,1
-0.57943,-0.19472,0.79142,0,0.65898,0.45946,0.59552,0,-0.47959,0.86659,-0.13791,0,-223.58,322.94,239.15,1
-0.57876,-0.19706,0.79133,0,0.65968,0.45735,0.59636,0,-0.47943,0.86718,-0.1347,0,-222.82,322.02,240.11,1
-0.57804,-0.19937,0.79128,0,0.66047,0.45516,0.59716,0,-0.47922,0.8678,-0.13143,0,-222,321.11,241.1,1
-0.57726,-0.20165,0.79127,0,0.66135,0.45292,0.5979,0,-0.47895,0.86845,-0.12809,0,-221.14,320.22,242.12,1
-0.57643,-0.20392,0.7913,0,0.6623,0.45061,0.59859,0,-0.47863,0.86912,-0.12469,0,-220.23,319.34,243.17,1
-0.57555,-0.20616,0.79136,0,0.66334,0.44824,0.59922,0,-0.47825,0.86982,-0.12122,0,-219.27,318.48,244.26,1
-0.57461,-0.20839,0.79145,0,0.66446,0.4458,0.59979,0,-0.47782,0.87054,-0.1177,0,-218.25,317.63,245.37,1
-0.57363,-0.21059,0.79158,0,0.66566,0.4433,0.60032,0,-0.47733,0.87128,-0.11411,0,-217.19,316.79,246.52,1
-0.57259,-0.21278,0.79175,0,0.66694,0.44074,0.60078,0,-0.47679,0.87205,-0.11045,0,-216.08,315.96,247.7,1
-0.57151,-0.21495,0.79194,0,0.6683,0.43812,0.60119,0,-0.47619,0.87284,-0.10674,0,-214.92,315.15,248.91,1
-0.57037,-0.2171,0.79217,0,0.66973,0.43544,0.60155,0,-0.47554,0.87365,-0.10296,0,-213.7,314.34,250.14,1
-0.56919,-0.21924,0.79244,0,0.67124,0.43269,0.60184,0,-0.47483,0.87448,-0.099122,0,-212.44,313.54,251.41,1
-0.56796,-0.22136,0.79273,0,0.67282,0.42989,0.60209,0,-0.47407,0.87532,-0.095221,0,-211.13,312.75,252.71,1
-0.56668,-0.22348,0.79306,0,0.67447,0.42703,0.60227,0,-0.47325,0.87619,-0.091259,0,-209.78,311.97,254.03,1
-0.56535,-0.22557,0.79341,0,0.6762,0.42411,0.6024,0,-0.47238,0.87707,-0.087236,0,-208.37,311.19,255.38,1
-0.56397,-0.22766,0.79379,0,0.67799,0.42113,0.60248,0,-0.47145,0.87796,-0.083153,0,-206.92,310.42,256.75,1
-0.56255,-0.22974,0.7942,0,0.67985,0.41809,0.6025,0,-0.47047,0.87887,-0.07901,0,-205.42,309.65,258.16,1
-0.56109,-0.23181,0.79463,0,0.68177,0.415,0.60246,0,-0.46943,0.87979,-0.074809,0,-203.87,308.89,259.58,1
-0.55958,-0.23388,0.79509,0,0.68376,0.41185,0.60237,0,-0.46834,0.88073,-0.070549,0,-202.28,308.12,261.03,1
-0.55803,-0.23594,0.79557,0,0.68581,0.40865,0.60222,0,-0.4672,0.88167,-0.066231,0,-200.65,307.36,262.51,1
-0.55643,-0.23799,0.79608,0,0.68791,0.40539,0.60202,0,-0.466,0.88262,-0.061857,0,-198.97,306.6,264,1
-0.5548,-0.24004,0.7966,0,0.69008,0.40208,0.60177,0,-0.46475,0.88358,-0.057427,0,-197.24,305.83,265.52,1
-0.55312,-0.2421,0.79715,0,0.69229,0.39872,0.60146,0,-0.46345,0.88454,-0.052942,0,-195.48,305.06,267.06,1
-0.55141,-0.24415,0.79771,0,0.69456,0.39531,0.6011,0,-0.4621,0.88551,-0.048402,0,-193.67,304.29,268.61,1
-0.54965,-0.2462,0.79829,0,0.69688,0.39185,0.60068,0,-0.4607,0.88648,-0.043809,0,-191.82,303.51,270.19,1
-0.54786,-0.24826,0.79888,0,0.69924,0.38834,0.60021,0,-0.45925,0.88745,-0.039164,0,-189.93,302.72,271.78,1
-0.54604,-0.25032,0.79949,0,0.70165,0.38478,0.59969,0,-0.45775,0.88841,-0.034469,0,-188.01,301.93,273.38,1
-0.54418,-0.25239,0.80011,0,0.7041,0.38118,0.59912,0,-0.4562,0.88938,-0.029723,0,-186.04,301.12,275,1
-0.54228,-0.25447,0.80073,0,0.70658,0.37754,0.5985,0,-0.45461,0.89034,-0.024928,0,-184.04,300.31,276.64,1
-0.54036,-0.25655,0.80137,0,0.70911,0.37385,0.59783,0,-0.45297,0.8913,-0.020087,0,-182.01,299.49,278.29,1
-0.5384,-0.25865,0.80201,0,0.71166,0.37012,0.59712,0,-0.45128,0.89225,-0.015199,0,-179.94,298.65,279.95,1
-0.53642,-0.26076,0.80266,0,0.71425,0.36635,0.59635,0,-0.44956,0.89319,-0.010266,0,-177.84,297.8,281.61,1
-0.5344,-0.26288,0.80331,0,0.71687,0.36254,0.59554,0,-0.44779,0.89412,-0.0052904,0,-175.7,296.93,283.29,1
-0.53236,-0.26502,0.80396,0,0.71951,0.3587,0.59468,0,-0.44598,0.89504,-0.00027301,0,-173.54,296.05,284.98,1
-0.5303,-0.26718,0.80461,0,0.72217,0.35482,0.59378,0,-0.44414,0.89595,0.0047845,0,-171.35,295.15,286.67,1
-0.52821,-0.26935,0.80526,0,0.72485,0.35091,0.59284,0,-0.44226,0.89683,0.0098806,0,-169.13,294.23,288.36,1
-0.5261,-0.27154,0.8059,0,0.72754,0.34697,0.59186,0,-0.44034,0.89771,0.015013,0,-166.89,293.3,290.06,1
-0.52397,-0.27375,0.80654,0,0.73025,0.34301,0.59083,0,-0.43839,0.89856,0.020181,0,-164.62,292.34,291.77,1
-0.52183,-0.27599,0.80717,0,0.73297,0.33902,0.58977,0,-0.43641,0.89939,0.025382,0,-162.34,291.36,293.47,1
-0.51966,-0.27824,0.8078,0,0.73569,0.335,0.58867,0,-0.4344,0.9002,0.030615,0,-160.03,290.36,295.17,1
-0.51748,-0.28052,0.80841,0,0.73842,0.33097,0.58753,0,-0.43237,0.90098,0.035877,0,-157.7,289.34,296.87,1
-0.51529,-0.28283,0.809,0,0.74115,0.32691,0.58636,0,-0.43031,0.90174,0.041166,0,-155.36,288.29,298.57,1
-0.51309,-0.28516,0.80958,0,0.74388,0.32284,0.58516,0,-0.42823,0.90247,0.046481,0,-153,287.22,300.27,1
-0.51087,-0.28752,0.81015,0,0.7466,0.31876,0.58393,0,-0.42614,0.90317,0.051819,0,-150.64,286.12,301.95,1
-0.50865,-0.28991,0.8107,0,0.74932,0.31467,0.58267,0,-0.42402,0.90384,0.057178,0,-148.26,284.99,303.64,1
-0.50642,-0.29233,0.81122,0,0.75202,0.31057,0.58138,0,-0.4219,0.90448,0.062556,0,-145.87,283.84,305.31,1
-0.50419,-0.29478,0.81173,0,0.75471,0.30647,0.58007,0,-0.41976,0.90509,0.06795,0,-143.48,282.66,306.97,1
-0.50196,-0.29725,0.81221,0,0.75739,0.30237,0.57874,0,-0.41762,0.90566,0.073359,0,-141.08,281.45,308.63,1
-0.49972,-0.29976,0.81266,0,0.76004,0.29827,0.57739,0,-0.41547,0.90619,0.07878,0,-138.68,280.22,310.27,1
-0.49749,-0.30231,0.81309,0,0.76267,0.29418,0.57602,0,-0.41333,0.90668,0.08421,0,-136.29,278.95,311.9,1
-0.49526,-0.30488,0.81349,0,0.76528,0.29009,0.57463,0,-0.41118,0.90714,0.089649,0,-133.89,277.66,313.51,1
-0.49303,-0.30749,0.81386,0,0.76786,0.28602,0.57323,0,-0.40904,0.90755,0.095093,0,-131.5,276.33,315.11,1
-0.49081,-0.31013,0.8142,0,0.77041,0.28196,0.57181,0,-0.40691,0.90792,0.10054,0,-129.12,274.98,316.69,1
-0.4886,-0.31281,0.81451,0,0.77293,0.27792,0.57039,0,-0.40479,0.90825,0.10599,0,-126.74,273.59,318.26,1
-0.48639,-0.31552,0.81478,0,0.77542,0.27389,0.56896,0,-0.40268,0.90853,0.11144,0,-124.38,272.18,319.81,1
-0.4842,-0.31826,0.81502,0,0.77787,0.2699,0.56752,0,-0.40059,0.90877,0.11688,0,-122.03,270.73,321.33,1
-0.48202,-0.32104,0.81523,0,0.78028,0.26592,0.56608,0,-0.39852,0.90897,0.12232,0,-119.69,269.26,322.84,1
-0.47985,-0.32385,0.8154,0,0.78266,0.26198,0.56463,0,-0.39647,0.90911,0.12775,0,-117.36,267.75,324.33,1
-0.47769,-0.32669,0.81553,0,0.785,0.25807,0.56319,0,-0.39445,0.90922,0.13317,0,-115.06,266.22,325.8,1
-0.47555,-0.32957,0.81562,0,0.78729,0.2542,0.56174,0,-0.39246,0.90927,0.13859,0,-112.77,264.65,327.24,1
-0.47342,-0.33248,0.81568,0,0.78955,0.25036,0.5603,0,-0.3905,0.90927,0.14398,0,-110.51,263.06,328.66,1
-0.47131,-0.33542,0.81569,0,0.79176,0.24656,0.55887,0,-0.38857,0.90923,0.14937,0,-108.26,261.44,330.06,1
-0.46922,-0.3384,0.81567,0,0.79392,0.2428,0.55744,0,-0.38669,0.90914,0.15473,0,-106.04,259.79,331.44,1
-0.46714,-0.34141,0.81561,0,0.79604,0.2391,0.55602,0,-0.38484,0.909,0.16008,0,-103.85,258.11,332.79,1
-0.46509,-0.34445,0.8155,0,0.79811,0.23543,0.55461,0,-0.38303,0.9088,0.16541,0,-101.68,256.4,334.11,1
-0.46305,-0.34752,0.81536,0,0.80013,0.23182,0.55321,0,-0.38127,0.90856,0.17071,0,-99.541,254.67,335.42,1
-0.46104,-0.35062,0.81517,0,0.80211,0.22827,0.55183,0,-0.37956,0.90827,0.176,0,-97.431,252.91,336.69,1
-0.45905,-0.35375,0.81494,0,0.80403,0.22477,0.55047,0,-0.3779,0.90793,0.18125,0,-95.352,251.12,337.94,1
-0.45707,-0.35691,0.81468,0,0.80591,0.22132,0.54912,0,-0.37629,0.90754,0.18648,0,-93.305,249.31,339.16,1
-0.45513,-0.3601,0.81436,0,0.80773,0.21794,0.54779,0,-0.37474,0.9071,0.19168,0,-91.292,247.48,340.36,1
-0.4532,-0.36332,0.81401,0,0.8095,0.21462,0.54648,0,-0.37325,0.90661,0.19684,0,-89.312,245.62,341.53,1
-0.45129,-0.36656,0.81361,0,0.81122,0.21137,0.5452,0,-0.37182,0.90607,0.20198,0,-87.369,243.74,342.67,1
-0.44941,-0.36983,0.81317,0,0.81289,0.20818,0.54394,0,-0.37045,0.90548,0.20708,0,-85.461,241.84,343.79,1
-0.44755,-0.37313,0.81269,0,0.81451,0.20506,0.5427,0,-0.36915,0.90484,0.21214,0,-83.592,239.91,344.88,1
-0.44572,-0.37645,0.81217,0,0.81607,0.20201,0.54149,0,-0.36791,0.90415,0.21717,0,-81.76,237.97,345.94,1
-0.44391,-0.37979,0.81161,0,0.81758,0.19904,0.54031,0,-0.36674,0.90341,0.22216,0,-79.968,236,346.97,1
-0.44212,-0.38316,0.811,0,0.81904,0.19614,0.53917,0,-0.36565,0.90262,0.22711,0,-78.216,234.02,347.98,1
-0.44035,-0.38654,0.81035,0,0.82045,0.19331,0.53805,0,-0.36463,0.90178,0.23201,0,-76.505,232.02,348.95,1
-0.43861,-0.38995,0.80966,0,0.8218,0.19057,0.53697,0,-0.36369,0.9009,0.23688,0,-74.836,230,349.9,1
-0.4369,-0.39338,0.80893,0,0.82309,0.1879,0.53592,0,-0.36282,0.89997,0.2417,0,-73.209,227.96,350.82,1
-0.4352,-0.39683,0.80816,0,0.82434,0.18532,0.53491,0,-0.36203,0.89899,0.24647,0,-71.625,225.91,351.72,1
-0.43353,-0.40029,0.80735,0,0.82553,0.18282,0.53393,0,-0.36132,0.89797,0.2512,0,-70.085,223.85,352.59,1
-0.43188,-0.40377,0.8065,0,0.82666,0.1804,0.53299,0,-0.3607,0.8969,0.25587,0,-68.589,221.77,353.42,1
-0.43025,-0.40727,0.80561,0,0.82775,0.17807,0.5321,0,-0.36016,0.89578,0.2605,0,-67.137,219.68,354.24,1
-0.42865,-0.41078,0.80469,0,0.82878,0.17582,0.53124,0,-0.35971,0.89462,0.26508,0,-65.731,217.57,355.02,1
-0.42707,-0.41431,0.80372,0,0.82975,0.17367,0.53042,0,-0.35934,0.89341,0.26961,0,-64.37,215.46,355.78,1
-0.4255,-0.41785,0.80271,0,0.83068,0.1716,0.52965,0,-0.35906,0.89216,0.27408,0,-63.054,213.33,356.51,1
-0.42396,-0.4214,0.80167,0,0.83155,0.16962,0.52892,0,-0.35887,0.89087,0.2785,0,-61.785,211.2,357.21,1
-0.42244,-0.42496,0.80059,0,0.83236,0.16774,0.52824,0,-0.35877,0.88953,0.28286,0,-60.562,209.05,357.89,1
-0.42094,-0.42853,0.79948,0,0.83312,0.16594,0.5276,0,-0.35876,0.88816,0.28717,0,-59.386,206.9,358.54,1
-0.41946,-0.43211,0.79833,0,0.83383,0.16424,0.52701,0,-0.35885,0.88674,0.29142,0,-58.256,204.75,359.16,1
-0.418,-0.4357,0.79715,0,0.83449,0.16263,0.52647,0,-0.35903,0.88528,0.29561,0,-57.173,202.58,359.76,1
-0.41655,-0.4393,0.79593,0,0.8351,0.16112,0.52598,0,-0.3593,0.88378,0.29974,0,-56.138,200.42,360.33,1
-0.41513,-0.4429,0.79467,0,0.83565,0.15969,0.52554,0,-0.35966,0.88223,0.30382,0,-55.149,198.24,360.87,1
-0.41372,-0.44651,0.79339,0,0.83615,0.15837,0.52514,0,-0.36013,0.88065,0.30783,0,-54.208,196.07,361.39,1
-0.41232,-0.45012,0.79207,0,0.8366,0.15713,0.5248,0,-0.36068,0.87903,0.31178,0,-53.313,193.89,361.88,1
-0.41095,-0.45373,0.79073,0,0.83699,0.156,0.52451,0,-0.36134,0.87738,0.31567,0,-52.466,191.71,362.35,1
-0.40959,-0.45735,0.78935,0,0.83734,0.15495,0.52427,0,-0.36208,0.87568,0.31949,0,-51.666,189.53,362.8,1
-0.40824,-0.46097,0.78794,0,0.83763,0.154,0.52408,0,-0.36293,0.87395,0.32325,0,-50.912,187.35,363.22,1
-0.4069,-0.46459,0.7865,0,0.83787,0.15315,0.52394,0,-0.36387,0.87218,0.32694,0,-50.206,185.16,363.61,1
-0.40558,-0.4682,0.78504,0,0.83806,0.15239,0.52386,0,-0.36491,0.87038,0.33057,0,-49.546,182.98,363.98,1
-0.40427,-0.47182,0.78355,0,0.8382,0.15173,0.52384,0,-0.36604,0.86854,0.33414,0,-48.932,180.8,364.33,1
-0.40298,-0.47543,0.78203,0,0.83828,0.15116,0.52386,0,-0.36728,0.86667,0.33763,0,-48.364,178.62,364.65,1
-0.40169,-0.47905,0.78049,0,0.83832,0.15069,0.52394,0,-0.3686,0.86476,0.34106,0,-47.842,176.45,364.96,1
-0.40042,-0.48265,0.77892,0,0.8383,0.1503,0.52408,0,-0.37002,0.86282,0.34442,0,-47.366,174.28,365.23,1
-0.39915,-0.48626,0.77732,0,0.83823,0.15001,0.52427,0,-0.37154,0.86084,0.34772,0,-46.935,172.11,365.49,1
-0.3979,-0.48985,0.77571,0,0.83811,0.14982,0.52452,0,-0.37315,0.85884,0.35094,0,-46.549,169.94,365.72,1
-0.39665,-0.49344,0.77407,0,0.83794,0.14971,0.52482,0,-0.37486,0.8568,0.35409,0,-46.208,167.79,365.93,1
-0.39541,-0.49703,0.77241,0,0.83772,0.1497,0.52517,0,-0.37665,0.85473,0.35718,0,-45.911,165.63,366.12,1
-0.39418,-0.5006,0.77073,0,0.83745,0.14977,0.52559,0,-0.37854,0.85262,0.36019,0,-45.657,163.48,366.29,1
-0.39295,-0.50417,0.76903,0,0.83713,0.14994,0.52605,0,-0.38052,0.85049,0.36314,0,-45.447,161.34,366.43,1
-0.39173,-0.50773,0.76731,0,0.83676,0.15019,0.52657,0,-0.3826,0.84833,0.36601,0,-45.28,159.21,366.56,1
-0.39052,-0.51127,0.76557,0,0.83633,0.15053,0.52715,0,-0.38476,0.84613,0.36881,0,-45.155,157.08,366.66,1
-0.38931,-0.51481,0.76381,0,0.83586,0.15095,0.52778,0,-0.387,0.84391,0.37154,0,-45.072,154.96,366.74,1
-0.38811,-0.51833,0.76204,0,0.83534,0.15146,0.52846,0,-0.38934,0.84166,0.3742,0,-45.031,152.84,366.81,1
-0.38691,-0.52185,0.76025,0,0.83476,0.15205,0.5292,0,-0.39176,0.83938,0.37679,0,-45.03,150.74,366.85,1
-0.38571,-0.52535,0.75844,0,0.83414,0.15273,0.52999,0,-0.39426,0.83707,0.3793,0,-45.07,148.64,366.87,1
-0.38452,-0.52883,0.75662,0,0.83346,0.15348,0.53084,0,-0.39685,0.83473,0.38175,0,-45.149,146.55,366.87,1
-0.38333,-0.53231,0.75479,0,0.83273,0.15431,0.53174,0,-0.39952,0.83237,0.38412,0,-45.268,144.47,366.86,1
-0.38214,-0.53577,0.75294,0,0.83196,0.15522,0.53269,0,-0.40227,0.82998,0.38642,0,-45.425,142.4,366.82,1
-0.38095,-0.53921,0.75109,0,0.83113,0.1562,0.53369,0,-0.40509,0.82756,0.38865,0,-45.62,140.34,366.76,1
-0.37976,-0.54264,0.74922,0,0.83025,0.15726,0.53474,0,-0.40799,0.82512,0.3908,0,-45.853,138.29,366.69,1
-0.37858,-0.54605,0.74733,0,0.82933,0.15839,0.53584,0,-0.41097,0.82265,0.39289,0,-46.122,136.25,366.6,1
-0.3774,-0.54944,0.74544,0,0.82835,0.15959,0.537,0,-0.41401,0.82015,0.3949,0,-46.427,134.21,366.49,1
-0.37621,-0.55282,0.74354,0,0.82732,0.16086,0.5382,0,-0.41713,0.81763,0.39684,0,-46.768,132.19,366.36,1
-0.37503,-0.55618,0.74163,0,0.82625,0.16219,0.53945,0,-0.42032,0.81508,0.39871,0,-47.143,130.17,366.21,1
-0.37385,-0.55952,0.73971,0,0.82512,0.16359,0.54075,0,-0.42357,0.81251,0.40052,0,-47.552,128.17,366.05,1
-0.37266,-0.56284,0.73779,0,0.82395,0.16505,0.5421,0,-0.42688,0.80992,0.40225,0,-47.994,126.18,365.87,1
-0.37148,-0.56615,0.73585,0,0.82273,0.16657,0.54349,0,-0.43026,0.8073,0.40391,0,-48.469,124.19,365.67,1
-0.3703,-0.56943,0.73391,0,0.82145,0.16814,0.54492,0,-0.4337,0.80466,0.4055,0,-48.976,122.22,365.45,1
-0.36911,-0.57269,0.73197,0,0.82013,0.16977,0.5464,0,-0.43719,0.802,0.40702,0,-49.513,120.26,365.21,1
-0.36793,-0.57594,0.73002,0,0.81877,0.17146,0.54793,0,-0.44074,0.79931,0.40848,0,-50.08,118.3,364.96,1
-0.36674,-0.57916,0.72806,0,0.81735,0.17319,0.54949,0,-0.44434,0.7966,0.40986,0,-50.677,116.36,364.7,1
-0.36556,-0.58237,0.7261,0,0.81589,0.17498,0.5511,0,-0.44799,0.79387,0.41118,0,-51.303,114.42,364.41,1
-0.36437,-0.58555,0.72413,0,0.81438,0.17681,0.55275,0,-0.45169,0.79112,0.41243,0,-51.956,112.5,364.11,1
-0.36318,-0.58871,0.72216,0,0.81282,0.17868,0.55443,0,-0.45543,0.78835,0.41362,0,-52.636,110.59,363.8,1
-0.36199,-0.59185,0.72019,0,0.81122,0.18059,0.55616,0,-0.45922,0.78556,0.41474,0,-53.342,108.68,363.46,1
-0.36081,-0.59496,0.71822,0,0.80957,0.18255,0.55792,0,-0.46305,0.78275,0.4158,0,-54.074,106.79,363.11,1
-0.35962,-0.59806,0.71624,0,0.80788,0.18454,0.55971,0,-0.46691,0.77992,0.4168,0,-54.83,104.9,362.75,1
-0.35843,-0.60113,0.71426,0,0.80614,0.18656,0.56155,0,-0.47082,0.77707,0.41773,0,-55.611,103.03,362.37,1
-0.35724,-0.60418,0.71228,0,0.80436,0.18861,0.56341,0,-0.47475,0.7742,0.4186,0,-56.415,101.16,361.98,1
-0.35605,-0.60721,0.7103,0,0.80253,0.1907,0.56531,0,-0.47872,0.77132,0.41941,0,-57.241,99.306,361.56,1
-0.35487,-0.61022,0.70831,0,0.80066,0.19281,0.56724,0,-0.48271,0.76841,0.42015,0,-58.09,97.459,361.14,1
-0.35368,-0.6132,0.70632,0,0.79875,0.19495,0.56921,0,-0.48674,0.76549,0.42084,0,-58.96,95.62,360.7,1
-0.3525,-0.61616,0.70434,0,0.79679,0.19711,0.5712,0,-0.49079,0.76256,0.42147,0,-59.852,93.79,360.24,1
-0.35132,-0.6191,0.70235,0,0.79479,0.19929,0.57323,0,-0.49486,0.7596,0.42204,0,-60.763,91.969,359.77,1
-0.35014,-0.62202,0.70036,0,0.79275,0.20149,0.57528,0,-0.49895,0.75663,0.42255,0,-61.695,90.156,359.28,1
-0.34896,-0.62491,0.69837,0,0.79066,0.20371,0.57737,0,-0.50307,0.75365,0.42301,0,-62.646,88.351,358.78,1
-0.34779,-0.62778,0.69637,0,0.78854,0.20595,0.57948,0,-0.5072,0.75065,0.4234,0,-63.615,86.555,358.26,1
-0.34662,-0.63063,0.69438,0,0.78637,0.20819,0.58162,0,-0.51135,0.74764,0.42375,0,-64.604,84.765,357.73,1
-0.34545,-0.63346,0.69238,0,0.78416,0.21045,0.58378,0,-0.51551,0.74461,0.42404,0,-65.61,82.984,357.18,1
-0.34429,-0.63627,0.69038,0,0.78191,0.21271,0.58597,0,-0.51969,0.74156,0.42427,0,-66.633,81.209,356.62,1
-0.34313,-0.63905,0.68839,0,0.77962,0.21499,0.58819,0,-0.52388,0.73851,0.42445,0,-67.674,79.441,356.04,1
-0.34198,-0.64181,0.68638,0,0.77729,0.21726,0.59043,0,-0.52808,0.73544,0.42458,0,-68.732,77.68,355.45,1
-0.34084,-0.64456,0.68438,0,0.77492,0.21955,0.5927,0,-0.53228,0.73236,0.42465,0,-69.806,75.926,354.84,1
-0.3397,-0.64728,0.68237,0,0.77251,0.22183,0.59499,0,-0.5365,0.72926,0.42468,0,-70.896,74.177,354.22,1
-0.33857,-0.64998,0.68036,0,0.77006,0.22411,0.59731,0,-0.54072,0.72615,0.42465,0,-72.001,72.435,353.58,1
-0.33745,-0.65266,0.67835,0,0.76757,0.22639,0.59965,0,-0.54494,0.72303,0.42457,0,-73.122,70.697,352.92,1
-0.33634,-0.65532,0.67633,0,0.76504,0.22866,0.60201,0,-0.54917,0.7199,0.42444,0,-74.258,68.965,352.25,1
-0.33523,-0.65797,0.67431,0,0.76248,0.23093,0.6044,0,-0.5534,0.71676,0.42427,0,-75.409,67.238,351.57,1
-0.33414,-0.66059,0.67229,0,0.75987,0.2332,0.60681,0,-0.55763,0.71361,0.42405,0,-76.574,65.515,350.87,1
-0.33305,-0.6632,0.67026,0,0.75723,0.23545,0.60924,0,-0.56186,0.71045,0.42378,0,-77.754,63.796,350.15,1
-0.33198,-0.66579,0.66822,0,0.75455,0.23769,0.61169,0,-0.56608,0.70727,0.42346,0,-78.947,62.082,349.42,1
-0.33091,-0.66836,0.66618,0,0.75183,0.23992,0.61416,0,-0.57031,0.70409,0.4231,0,-80.154,60.37,348.67,1
-0.32986,-0.67091,0.66413,0,0.74907,0.24213,0.61666,0,-0.57453,0.70089,0.42269,0,-81.375,58.662,347.9,1
-0.32883,-0.67345,0.66207,0,0.74627,0.24433,0.61917,0,-0.57875,0.69769,0.42223,0,-82.608,56.956,347.12,1
-0.3278,-0.67597,0.66001,0,0.74344,0.24651,0.62171,0,-0.58296,0.69448,0.42174,0,-83.855,55.253,346.32,1
-0.32679,-0.67848,0.65794,0,0.74057,0.24867,0.62427,0,-0.58716,0.69125,0.4212,0,-85.115,53.551,345.5,1
-0.32579,-0.68097,0.65585,0,0.73767,0.25081,0.62685,0,-0.59136,0.68802,0.42061,0,-86.387,51.851,344.67,1
-0.32481,-0.68344,0.65376,0,0.73472,0.25293,0.62945,0,-0.59555,0.68478,0.41999,0,-87.672,50.152,343.81,1
-0.32384,-0.68591,0.65166,0,0.73174,0.25503,0.63207,0,-0.59973,0.68154,0.41932,0,-88.969,48.453,342.95,1
-0.32289,-0.68836,0.64954,0,0.72872,0.25709,0.63472,0,-0.60391,0.67828,0.41861,0,-90.278,46.755,342.06,1
-0.32196,-0.6908,0.64741,0,0.72567,0.25913,0.63738,0,-0.60807,0.67502,0.41786,0,-91.6,45.057,341.15,1
-0.32104,-0.69323,0.64527,0,0.72258,0.26115,0.64006,0,-0.61222,0.67174,0.41707,0,-92.933,43.357,340.23,1
-0.32014,-0.69564,0.64311,0,0.71945,0.26313,0.64277,0,-0.61636,0.66846,0.41624,0,-94.278,41.657,339.29,1
-0.31926,-0.69805,0.64093,0,0.71629,0.26508,0.6455,0,-0.62049,0.66518,0.41538,0,-95.634,39.955,338.33,1
-0.3184,-0.70045,0.63874,0,0.71309,0.26699,0.64824,0,-0.6246,0.66188,0.41447,0,-97.002,38.251,337.35,1
-0.31756,-0.70284,0.63653,0,0.70985,0.26887,0.65101,0,-0.6287,0.65858,0.41353,0,-98.381,36.544,336.35,1
-0.31673,-0.70522,0.63431,0,0.70658,0.27072,0.6538,0,-0.63279,0.65527,0.41255,0,-99.772,34.835,335.32,1
-0.31593,-0.70759,0.63206,0,0.70327,0.27252,0.65662,0,-0.63687,0.65195,0.41153,0,-101.17,33.121,334.28,1
-0.31515,-0.70996,0.62979,0,0.69992,0.27429,0.65945,0,-0.64093,0.64863,0.41048,0,-102.59,31.404,333.22,1
-0.31439,-0.71232,0.6275,0,0.69654,0.27602,0.6623,0,-0.64498,0.6453,0.40939,0,-104.01,29.682,332.14,1
-0.31364,-0.71468,0.62518,0,0.69312,0.2777,0.66518,0,-0.64901,0.64196,0.40826,0,-105.44,27.955,331.03,1
-0.31293,-0.71704,0.62284,0,0.68966,0.27934,0.66808,0,-0.65302,0.63861,0.4071,0,-106.89,26.222,329.91,1
-0.31223,-0.71939,0.62048,0,0.68617,0.28093,0.671,0,-0.65702,0.63526,0.40591,0,-108.35,24.483,328.76,1
-0.31155,-0.72174,0.61808,0,0.68264,0.28248,0.67395,0,-0.66101,0.6319,0.40468,0,-109.81,22.738,327.58,1
-0.3109,-0.72409,0.61566,0,0.67908,0.28398,0.67691,0,-0.66498,0.62854,0.40342,0,-111.29,20.985,326.39,1
-0.31027,-0.72643,0.61321,0,0.67547,0.28542,0.6799,0,-0.66893,0.62516,0.40213,0,-112.78,19.224,325.17,1
-0.30967,-0.72878,0.61072,0,0.67183,0.28682,0.68292,0,-0.67286,0.62178,0.4008,0,-114.27,17.455,323.92,1
-0.30909,-0.73113,0.6082,0,0.66815,0.28816,0.68595,0,-0.67678,0.61839,0.39944,0,-115.78,15.677,322.65,1
-0.30853,-0.73348,0.60565,0,0.66444,0.28945,0.68902,0,-0.68068,0.615,0.39805,0,-117.3,13.889,321.36,1
-0.308,-0.73584,0.60306,0,0.66069,0.29068,0.6921,0,-0.68457,0.6116,0.39663,0,-118.83,12.091,320.04,1
-0.30749,-0.7382,0.60043,0,0.65689,0.29185,0.69521,0,-0.68844,0.60819,0.39518,0,-120.37,10.282,318.69,1
-0.307,-0.74056,0.59776,0,0.65306,0.29296,0.69834,0,-0.69229,0.60477,0.3937,0,-121.91,8.4622,317.31,1
-0.30654,-0.74293,0.59505,0,0.6492,0.29401,0.7015,0,-0.69612,0.60134,0.39218,0,-123.47,6.6303,315.91,1
-0.3061,-0.74531,0.5923,0,0.64529,0.295,0.70468,0,-0.69993,0.59791,0.39064,0,-125.04,4.7858,314.48,1
-0.30569,-0.74769,0.5895,0,0.64134,0.29592,0.70789,0,-0.70373,0.59447,0.38907,0,-126.61,2.9281,313.02,1
-0.3053,-0.75008,0.58666,0,0.63736,0.29677,0.71113,0,-0.70751,0.59102,0.38747,0,-128.2,1.0567,311.52,1
-0.30494,-0.75248,0.58377,0,0.63333,0.29756,0.71439,0,-0.71127,0.58756,0.38584,0,-129.79,-0.82916,310,1
-0.3046,-0.7549,0.58082,0,0.62927,0.29827,0.71767,0,-0.71501,0.58409,0.38418,0,-131.39,-2.73,308.45,1
-0.30428,-0.75732,0.57783,0,0.62517,0.29892,0.72098,0,-0.71874,0.58062,0.3825,0,-133,-4.6465,306.86,1
-0.30399,-0.75975,0.57477,0,0.62102,0.29949,0.72432,0,-0.72244,0.57713,0.38078,0,-134.62,-6.5793,305.25,1
-0.30372,-0.7622,0.57167,0,0.61684,0.29998,0.72768,0,-0.72613,0.57364,0.37904,0,-136.25,-8.529,303.59,1
-0.30348,-0.76466,0.5685,0,0.61261,0.3004,0.73107,0,-0.7298,0.57013,0.37728,0,-137.89,-10.496,301.91,1
-0.30326,-0.76714,0.56527,0,0.60834,0.30073,0.73449,0,-0.73345,0.56662,0.37548,0,-139.53,-12.482,300.19,1
-0.30306,-0.76963,0.56198,0,0.60403,0.30099,0.73794,0,-0.73709,0.56309,0.37366,0,-141.19,-14.486,298.43,1
-0.30288,-0.77214,0.55863,0,0.59968,0.30116,0.74141,0,-0.7407,0.55956,0.37182,0,-142.85,-16.509,296.64,1
-0.30273,-0.77466,0.55521,0,0.59529,0.30125,0.7449,0,-0.7443,0.55601,0.36995,0,-144.51,-18.553,294.8,1
-0.3026,-0.7772,0.55172,0,0.59085,0.30124,0.74843,0,-0.74788,0.55246,0.36806,0,-146.19,-20.617,292.93,1
