0.78121,0.16605,0.60178,0,-0.035469,0.97422,-0.22278,0,-0.62326,0.15269,0.76696,0,-47.185,357.33,39.185,1
0.78017,0.16587,0.60318,0,-0.036176,0.97456,-0.2212,0,-0.62452,0.15075,0.76632,0,-47.638,356.87,39.192,1
0.7791,0.16567,0.60461,0,-0.036916,0.9749,-0.21957,0,-0.62581,0.14875,0.76566,0,-48.104,356.4,39.202,1
0.778,0.16547,0.60608,0,-0.037687,0.97525,-0.21787,0,-0.62713,0.14667,0.76498,0,-48.584,355.91,39.214,1
0.77688,0.16524,0.60758,0,-0.038486,0.97561,-0.21612,0,-0.62848,0.14452,0.76428,0,-49.075,355.41,39.229,1
0.77572,0.165,0.60912,0,-0.039312,0.97597,-0.21432,0,-0.62985,0.1423,0.76357,0,-49.577,354.89,39.246,1
0.77455,0.16474,0.61069,0,-0.040162,0.97635,-0.21245,0,-0.63124,0.14003,0.76284,0,-50.088,354.35,39.267,1
0.77335,0.16446,0.61228,0,-0.041034,0.97673,-0.21052,0,-0.63265,0.13768,0.7621,0,-50.606,353.8,39.291,1
0.77213,0.16415,0.61389,0,-0.041925,0.97711,-0.20854,0,-0.63408,0.13528,0.76134,0,-51.132,353.23,39.318,1
0.7709,0.16381,0.61553,0,-0.042833,0.97751,-0.2065,0,-0.63552,0.13283,0.76058,0,-51.663,352.65,39.35,1
0.76965,0.16344,0.61719,0,-0.043754,0.97791,-0.2044,0,-0.63696,0.13031,0.7598,0,-52.197,352.06,39.387,1
0.76839,0.16304,0.61886,0,-0.044687,0.97831,-0.20225,0,-0.63842,0.12775,0.75901,0,-52.735,351.46,39.428,1
0.76712,0.16259,0.62055,0,-0.045629,0.97873,-0.20003,0,-0.63988,0.12514,0.75822,0,-53.274,350.85,39.475,1
0.76585,0.16211,0.62225,0,-0.046576,0.97914,-0.19776,0,-0.64133,0.12247,0.75742,0,-53.813,350.23,39.527,1
0.76457,0.16158,0.62396,0,-0.047527,0.97956,-0.19544,0,-0.64279,0.11977,0.75662,0,-54.35,349.6,39.586,1
0.76329,0.16101,0.62567,0,-0.048477,0.97999,-0.19305,0,-0.64423,0.11703,0.75582,0,-54.885,348.96,39.651,1
0.76201,0.16039,0.62738,0,-0.049424,0.98042,-0.19061,0,-0.64567,0.11424,0.75502,0,-55.415,348.31,39.723,1
0.76074,0.15972,0.6291,0,-0.050365,0.98085,-0.18812,0,-0.6471,0.11142,0.75422,0,-55.939,347.66,39.803,1
0.75948,0.15899,0.6308,0,-0.051297,0.98129,-0.18557,0,-0.6485,0.10858,0.75343,0,-56.456,347.01,39.891,1
0.75823,0.1582,0.6325,0,-0.052216,0.98173,-0.18296,0,-0.64989,0.1057,0.75264,0,-56.964,346.35,39.987,1
0.75699,0.15736,0.63419,0,-0.05312,0.98218,-0.1803,0,-0.65126,0.10279,0.75186,0,-57.462,345.69,40.093,1
0.75577,0.15645,0.63587,0,-0.054007,0.98262,-0.17758,0,-0.6526,0.099868,0.75109,0,-57.95,345.03,40.208,1
0.75458,0.15548,0.63753,0,-0.054872,0.98307,-0.17481,0,-0.65392,0.096921,0.75033,0,-58.424,344.36,40.333,1
0.7534,0.15444,0.63917,0,-0.055715,0.98352,-0.17198,0,-0.6552,0.093958,0.74959,0,-58.885,343.7,40.469,1
0.75225,0.15334,0.64079,0,-0.056531,0.98398,-0.1691,0,-0.65645,0.09098,0.74886,0,-59.331,343.04,40.616,1
0.75113,0.15216,0.64238,0,-0.057318,0.98443,-0.16616,0,-0.65766,0.087989,0.74816,0,-59.761,342.38,40.774,1
0.75004,0.15091,0.64395,0,-0.058075,0.98489,-0.16317,0,-0.65884,0.08499,0.74747,0,-60.174,341.72,40.945,1
0.74898,0.14959,0.64549,0,-0.058797,0.98534,-0.16013,0,-0.65998,0.081983,0.7468,0,-60.569,341.06,41.127,1
0.74796,0.1482,0.64699,0,-0.059484,0.9858,-0.15704,0,-0.66108,0.078972,0.74615,0,-60.945,340.41,41.323,1
0.74697,0.14673,0.64846,0,-0.060132,0.98626,-0.15389,0,-0.66213,0.075958,0.74553,0,-61.301,339.77,41.532,1
0.74603,0.14517,0.64989,0,-0.06074,0.98671,-0.15069,0,-0.66314,0.072944,0.74494,0,-61.636,339.13,41.756,1
0.74513,0.14354,0.65129,0,-0.061304,0.98717,-0.14744,0,-0.6641,0.069932,0.74437,0,-61.949,338.49,41.993,1
0.74427,0.14183,0.65264,0,-0.061824,0.98763,-0.14413,0,-0.66501,0.066924,0.74383,0,-62.24,337.86,42.245,1
0.74346,0.14004,0.65395,0,-0.062296,0.98808,-0.14077,0,-0.66587,0.063922,0.74332,0,-62.507,337.24,42.513,1
0.7427,0.13817,0.65521,0,-0.062719,0.98853,-0.13737,0,-0.66668,0.060928,0.74285,0,-62.75,336.63,42.796,1
0.74199,0.13621,0.65643,0,-0.06309,0.98898,-0.13391,0,-0.66744,0.057943,0.74241,0,-62.968,336.03,43.095,1
0.74133,0.13417,0.65759,0,-0.063408,0.98943,-0.1304,0,-0.66814,0.05497,0.742,0,-63.16,335.43,43.41,1
0.74072,0.13205,0.6587,0,-0.063671,0.98988,-0.12684,0,-0.66879,0.05201,0.74163,0,-63.326,334.85,43.742,1
0.74017,0.12984,0.65976,0,-0.063876,0.99032,-0.12322,0,-0.66938,0.049064,0.7413,0,-63.465,334.27,44.092,1
0.73968,0.12754,0.66076,0,-0.064023,0.99076,-0.11956,0,-0.66991,0.046134,0.74101,0,-63.576,333.71,44.459,1
0.73924,0.12515,0.66171,0,-0.064109,0.9912,-0.11585,0,-0.67038,0.043221,0.74076,0,-63.659,333.16,44.844,1
0.73886,0.12268,0.66259,0,-0.064132,0.99163,-0.11209,0,-0.6708,0.040327,0.74054,0,-63.713,332.61,45.247,1
0.73855,0.12013,0.66342,0,-0.064092,0.99205,-0.10828,0,-0.67115,0.037452,0.74037,0,-63.738,332.08,45.669,1
0.73829,0.11748,0.66418,0,-0.063985,0.99247,-0.10442,0,-0.67144,0.034597,0.74025,0,-63.734,331.56,46.109,1
0.73809,0.11475,0.66487,0,-0.063811,0.99289,-0.10052,0,-0.67167,0.031765,0.74016,0,-63.698,331.05,46.569,1
0.73796,0.11192,0.6655,0,-0.063568,0.99329,-0.096562,0,-0.67184,0.028954,0.74013,0,-63.633,330.56,47.048,1
0.73789,0.10901,0.66606,0,-0.063255,0.9937,-0.09256,0,-0.67195,0.026167,0.74013,0,-63.536,330.07,47.546,1
0.73788,0.10601,0.66655,0,-0.062871,0.99409,-0.08851,0,-0.67199,0.023404,0.74019,0,-63.407,329.6,48.065,1
0.73794,0.10293,0.66697,0,-0.062413,0.99447,-0.084414,0,-0.67197,0.020665,0.74029,0,-63.247,329.14,48.603,1
0.73806,0.099751,0.66732,0,-0.06188,0.99485,-0.080271,0,-0.67189,0.017951,0.74044,0,-63.054,328.69,49.162,1
0.73825,0.096487,0.66759,0,-0.061272,0.99522,-0.076082,0,-0.67174,0.015263,0.74063,0,-62.829,328.25,49.741,1
0.7385,0.093135,0.66779,0,-0.060587,0.99557,-0.071847,0,-0.67152,0.0126,0.74088,0,-62.571,327.83,50.341,1
0.73882,0.089694,0.66791,0,-0.059824,0.99592,-0.067567,0,-0.67124,0.0099628,0.74117,0,-62.28,327.42,50.961,1
0.7392,0.086165,0.66795,0,-0.058982,0.99625,-0.063243,0,-0.6709,0.0073518,0.74151,0,-61.955,327.02,51.602,1
0.73964,0.082549,0.66792,0,-0.058059,0.99658,-0.058874,0,-0.67049,0.0047669,0.7419,0,-61.597,326.63,52.264,1
0.74015,0.078845,0.6678,0,-0.057056,0.99688,-0.054462,0,-0.67002,0.002208,0.74234,0,-61.204,326.25,52.947,1
0.74072,0.075054,0.66761,0,-0.055969,0.99718,-0.050006,0,-0.66948,-0.00032493,0.74283,0,-60.778,325.88,53.651,1
0.74135,0.071176,0.66733,0,-0.0548,0.99746,-0.045508,0,-0.66887,-0.0028321,0.74337,0,-60.317,325.53,54.375,1
0.74205,0.067212,0.66697,0,-0.053547,0.99772,-0.040968,0,-0.6682,-0.0053139,0.74396,0,-59.822,325.19,55.121,1
0.7428,0.063162,0.66652,0,-0.052209,0.99797,-0.036386,0,-0.66747,-0.0077706,0.7446,0,-59.292,324.85,55.887,1
0.74362,0.059026,0.66599,0,-0.050786,0.9982,-0.031764,0,-0.66667,-0.010203,0.74528,0,-58.728,324.53,56.674,1
0.74449,0.054805,0.66538,0,-0.049276,0.99842,-0.027101,0,-0.66581,-0.012611,0.74602,0,-58.129,324.22,57.482,1
0.74542,0.0505,0.66467,0,-0.04768,0.99861,-0.022399,0,-0.66488,-0.014995,0.7468,0,-57.495,323.91,58.311,1
0.74641,0.046111,0.66388,0,-0.045997,0.99879,-0.017658,0,-0.66389,-0.017356,0.74763,0,-56.827,323.61,59.159,1
0.74746,0.041639,0.66301,0,-0.044225,0.99894,-0.012878,0,-0.66284,-0.019696,0.7485,0,-56.124,323.33,60.028,1
0.74855,0.037085,0.66204,0,-0.042366,0.99907,-0.0080617,0,-0.66172,-0.022013,0.74943,0,-55.386,323.05,60.917,1
0.7497,0.032449,0.66098,0,-0.040418,0.99918,-0.0032082,0,-0.66054,-0.02431,0.7504,0,-54.613,322.77,61.826,1
0.7509,0.027732,0.65983,0,-0.038382,0.99926,0.0016812,0,-0.6593,-0.026588,0.75141,0,-53.805,322.51,62.755,1
0.75215,0.022935,0.6586,0,-0.036256,0.99932,0.0066057,0,-0.658,-0.028847,0.75247,0,-52.963,322.25,63.703,1
0.75344,0.018059,0.65727,0,-0.034042,0.99935,0.011564,0,-0.65664,-0.031088,0.75357,0,-52.087,321.99,64.669,1
0.75478,0.013105,0.65585,0,-0.031738,0.99936,0.016557,0,-0.65521,-0.033312,0.75471,0,-51.176,321.74,65.655,1
0.75616,0.0080739,0.65434,0,-0.029346,0.99934,0.021581,0,-0.65373,-0.035521,0.75589,0,-50.232,321.5,66.659,1
0.75758,0.0029667,0.65274,0,-0.026864,0.99928,0.026638,0,-0.65219,-0.037715,0.75712,0,-49.253,321.25,67.68,1
0.75904,-0.0022155,0.65104,0,-0.024294,0.9992,0.031724,0,-0.65059,-0.039897,0.75838,0,-48.241,321.01,68.72,1
0.76053,-0.0074714,0.64926,0,-0.021636,0.99909,0.036841,0,-0.64894,-0.042066,0.75968,0,-47.195,320.78,69.776,1
0.76206,-0.0128,0.64738,0,-0.018889,0.99894,0.041986,0,-0.64723,-0.044224,0.76101,0,-46.117,320.54,70.849,1
0.76362,-0.018199,0.64541,0,-0.016055,0.99876,0.047159,0,-0.64547,-0.046374,0.76238,0,-45.006,320.3,71.939,1
0.76521,-0.023669,0.64335,0,-0.013134,0.99854,0.052358,0,-0.64365,-0.048515,0.76378,0,-43.862,320.07,73.044,1
0.76682,-0.029206,0.64119,0,-0.010126,0.99829,0.057583,0,-0.64178,-0.050649,0.76522,0,-42.687,319.83,74.164,1
0.76846,-0.034811,0.63895,0,-0.0070332,0.998,0.062832,0,-0.63985,-0.052778,0.76668,0,-41.48,319.59,75.299,1
0.77012,-0.040481,0.63661,0,-0.0038552,0.99767,0.068104,0,-0.63788,-0.054902,0.76817,0,-40.242,319.34,76.448,1
0.7718,-0.046214,0.63418,0,-0.00059332,0.9973,0.073397,0,-0.63586,-0.057025,0.76969,0,-38.974,319.1,77.611,1
0.7735,-0.052009,0.63166,0,0.0027514,0.99689,0.078712,0,-0.63379,-0.059146,0.77124,0,-37.675,318.84,78.787,1
0.77521,-0.057864,0.62905,0,0.0061777,0.99644,0.084046,0,-0.63168,-0.061267,0.77281,0,-36.348,318.59,79.975,1
0.77693,-0.063777,0.62635,0,0.0096846,0.99595,0.089398,0,-0.62952,-0.06339,0.7744,0,-34.991,318.32,81.174,1
0.77865,-0.069747,0.62357,0,0.01327,0.99541,0.094767,0,-0.62732,-0.065515,0.776,0,-33.607,318.05,82.385,1
0.78038,-0.07577,0.62069,0,0.016934,0.99483,0.10015,0,-0.62507,-0.067645,0.77763,0,-32.196,317.77,83.607,1
0.78212,-0.081845,0.61773,0,0.020673,0.9942,0.10555,0,-0.62279,-0.069781,0.77927,0,-30.758,317.49,84.837,1
0.78385,-0.08797,0.61468,0,0.024487,0.99352,0.11096,0,-0.62046,-0.071925,0.78093,0,-29.294,317.19,86.077,1
0.78558,-0.094142,0.61155,0,0.028374,0.9928,0.11638,0,-0.61811,-0.074076,0.7826,0,-27.805,316.88,87.326,1
0.78731,-0.10036,0.60834,0,0.032331,0.99203,0.12181,0,-0.61571,-0.076238,0.78427,0,-26.292,316.56,88.582,1
0.78902,-0.10662,0.60504,0,0.036357,0.9912,0.12726,0,-0.61329,-0.07841,0.78596,0,-24.757,316.23,89.844,1
0.79073,-0.11292,0.60166,0,0.040449,0.99033,0.1327,0,-0.61083,-0.080596,0.78765,0,-23.199,315.89,91.113,1
0.79242,-0.11925,0.5982,0,0.044605,0.98941,0.13816,0,-0.60834,-0.082794,0.78935,0,-21.62,315.53,92.387,1
0.7941,-0.12562,0.59467,0,0.048823,0.98843,0.14361,0,-0.60583,-0.085008,0.79104,0,-20.021,315.16,93.666,1
0.79575,-0.13203,0.59105,0,0.0531,0.9874,0.14907,0,-0.60329,-0.087238,0.79274,0,-18.403,314.77,94.948,1
0.79739,-0.13846,0.58737,0,0.057434,0.98632,0.15453,0,-0.60073,-0.089485,0.79443,0,-16.767,314.36,96.234,1
0.799,-0.14491,0.58361,0,0.061822,0.98518,0.15999,0,-0.59814,-0.09175,0.79612,0,-15.115,313.94,97.521,1
0.80059,-0.15139,0.57978,0,0.06626,0.98399,0.16544,0,-0.59554,-0.094035,0.7978,0,-13.447,313.51,98.81,1
0.80214,-0.15789,0.57588,0,0.070747,0.98275,0.17089,0,-0.59293,-0.09634,0.79947,0,-11.765,313.05,100.1,1
0.80367,-0.1644,0.57192,0,0.075278,0.98145,0.17634,0,-0.5903,-0.098666,0.80113,0,-10.07,312.57,101.39,1
0.80516,-0.17093,0.56789,0,0.079851,0.98009,0.18178,0,-0.58765,-0.10101,0.80278,0,-8.3646,312.08,102.68,1
0.80662,-0.17746,0.5638,0,0.084462,0.97868,0.18721,0,-0.585,-0.10338,0.80441,0,-6.6487,311.57,103.96,1
0.80804,-0.184,0.55965,0,0.089107,0.97722,0.19262,0,-0.58235,-0.10578,0.80603,0,-4.9243,311.03,105.25,1
0.80943,-0.19054,0.55545,0,0.093784,0.9757,0.19803,0,-0.57969,-0.1082,0.80763,0,-3.1929,310.47,106.53,1
0.81077,-0.19708,0.5512,0,0.098488,0.97413,0.20342,0,-0.57702,-0.11064,0.8092,0,-1.4561,309.9,107.81,1
0.81207,-0.20361,0.54689,0,0.10322,0.9725,0.2088,0,-0.57436,-0.11311,0.81075,0,0.2847,309.29,109.08,1
0.81333,-0.21013,0.54254,0,0.10796,0.97081,0.21416,0,-0.5717,-0.11561,0.81228,0,2.0279,308.67,110.34,1
0.81454,-0.21664,0.53814,0,0.11273,0.96908,0.2195,0,-0.56905,-0.11813,0.81377,0,3.7721,308.03,111.6,1
0.81571,-0.22313,0.5337,0,0.1175,0.96729,0.22481,0,-0.5664,-0.12067,0.81524,0,5.5158,307.36,112.85,1
0.81683,-0.2296,0.52922,0,0.12229,0.96545,0.23011,0,-0.56377,-0.12325,0.81668,0,7.2574,306.67,114.1,1
0.8179,-0.23605,0.52471,0,0.12708,0.96356,0.23539,0,-0.56115,-0.12584,0.81809,0,8.9957,305.95,115.34,1
0.81893,-0.24247,0.52016,0,0.13187,0.96162,0.24064,0,-0.55854,-0.12847,0.81947,0,10.729,305.21,116.56,1
0.81991,-0.24886,0.51558,0,0.13666,0.95962,0.24586,0,-0.55595,-0.13112,0.82081,0,12.456,304.45,117.78,1
0.82083,-0.25521,0.51098,0,0.14144,0.95758,0.25105,0,-0.55338,-0.1338,0.82211,0,14.176,303.66,118.99,1
0.82171,-0.26153,0.50635,0,0.14622,0.95549,0.25622,0,-0.55082,-0.1365,0.82338,0,15.886,302.85,120.18,1
0.82254,-0.2678,0.5017,0,0.15098,0.95336,0.26136,0,-0.54829,-0.13923,0.82461,0,17.587,302.02,121.37,1
0.82333,-0.27403,0.49703,0,0.15573,0.95118,0.26647,0,-0.54579,-0.14199,0.82581,0,19.276,301.16,122.54,1
0.82406,-0.28022,0.49234,0,0.16046,0.94896,0.27154,0,-0.5433,-0.14476,0.82696,0,20.952,300.28,123.7,1
0.82474,-0.28635,0.48765,0,0.16516,0.94669,0.27658,0,-0.54085,-0.14757,0.82807,0,22.613,299.38,124.85,1
0.82538,-0.29244,0.48294,0,0.16984,0.94439,0.28158,0,-0.53842,-0.15039,0.82915,0,24.26,298.45,125.99,1
0.82597,-0.29846,0.47822,0,0.17449,0.94204,0.28656,0,-0.53603,-0.15324,0.83018,0,25.89,297.5,127.11,1
0.82651,-0.30443,0.4735,0,0.17911,0.93966,0.29149,0,-0.53366,-0.15611,0.83116,0,27.502,296.53,128.21,1
0.82701,-0.31033,0.46878,0,0.18369,0.93724,0.29639,0,-0.53133,-0.159,0.83211,0,29.096,295.54,129.31,1
0.82746,-0.31617,0.46405,0,0.18824,0.93478,0.30124,0,-0.52903,-0.16191,0.83301,0,30.67,294.52,130.39,1
0.82787,-0.32195,0.45933,0,0.19274,0.9323,0.30606,0,-0.52677,-0.16484,0.83387,0,32.223,293.48,131.45,1
0.82823,-0.32765,0.45462,0,0.1972,0.92978,0.31084,0,-0.52454,-0.16779,0.83468,0,33.754,292.42,132.5,1
0.82855,-0.33329,0.44992,0,0.20162,0.92723,0.31558,0,-0.52236,-0.17076,0.83545,0,35.262,291.34,133.53,1
0.82883,-0.33885,0.44522,0,0.20598,0.92466,0.32028,0,-0.5202,-0.17375,0.83618,0,36.746,290.24,134.55,1
0.82907,-0.34433,0.44054,0,0.21029,0.92206,0.32493,0,-0.51809,-0.17675,0.83686,0,38.205,289.12,135.55,1
0.82927,-0.34974,0.43588,0,0.21455,0.91944,0.32955,0,-0.51602,-0.17977,0.8375,0,39.639,287.99,136.54,1
0.82944,-0.35506,0.43123,0,0.21875,0.9168,0.33412,0,-0.51399,-0.1828,0.8381,0,41.046,286.83,137.51,1
0.82957,-0.36031,0.42661,0,0.22289,0.91414,0.33864,0,-0.512,-0.18584,0.83864,0,42.426,285.65,138.46,1
0.82966,-0.36547,0.42201,0,0.22697,0.91146,0.34312,0,-0.51005,-0.18889,0.83915,0,43.777,284.46,139.4,1
0.82972,-0.37054,0.41744,0,0.23098,0.90876,0.34756,0,-0.50814,-0.19196,0.83961,0,45.1,283.25,140.32,1
0.82976,-0.37553,0.4129,0,0.23492,0.90606,0.35195,0,-0.50628,-0.19504,0.84003,0,46.393,282.02,141.22,1
0.82976,-0.38043,0.40838,0,0.2388,0.90334,0.3563,0,-0.50446,-0.19812,0.8404,0,47.656,280.78,142.11,1
0.82973,-0.38524,0.4039,0,0.24261,0.90061,0.3606,0,-0.50268,-0.20122,0.84073,0,48.888,279.52,142.97,1
0.82968,-0.38995,0.39946,0,0.24634,0.89788,0.36486,0,-0.50095,-0.20431,0.84102,0,50.088,278.25,143.83,1
0.8296,-0.39458,0.39505,0,0.25,0.89515,0.36907,0,-0.49926,-0.20742,0.84126,0,51.256,276.96,144.66,1
0.8295,-0.39911,0.39069,0,0.25358,0.89241,0.37324,0,-0.49761,-0.21053,0.84146,0,52.392,275.66,145.48,1
0.82938,-0.40354,0.38636,0,0.25709,0.88967,0.37736,0,-0.49601,-0.21364,0.84162,0,53.495,274.35,146.28,1
0.82924,-0.40788,0.38208,0,0.26051,0.88693,0.38143,0,-0.49446,-0.21676,0.84174,0,54.564,273.03,147.06,1
0.82909,-0.41212,0.37785,0,0.26385,0.8842,0.38546,0,-0.49295,-0.21988,0.84182,0,55.599,271.69,147.82,1
0.82891,-0.41627,0.37366,0,0.26711,0.88147,0.38944,0,-0.49148,-0.223,0.84185,0,56.599,270.34,148.57,1
0.82872,-0.42032,0.36953,0,0.27029,0.87875,0.39337,0,-0.49006,-0.22612,0.84185,0,57.565,268.99,149.3,1
0.82852,-0.42426,0.36545,0,0.27338,0.87604,0.39726,0,-0.48869,-0.22923,0.8418,0,58.496,267.62,150.02,1
0.82831,-0.42811,0.36142,0,0.27638,0.87335,0.4011,0,-0.48736,-0.23235,0.84172,0,59.392,266.24,150.71,1
0.82809,-0.43186,0.35744,0,0.27929,0.87066,0.4049,0,-0.48607,-0.23546,0.8416,0,60.251,264.86,151.39,1
0.82786,-0.43551,0.35353,0,0.28212,0.868,0.40865,0,-0.48483,-0.23857,0.84144,0,61.076,263.47,152.05,1
0.82762,-0.43906,0.34967,0,0.28485,0.86535,0.41235,0,-0.48364,-0.24167,0.84125,0,61.864,262.07,152.7,1
0.82738,-0.44251,0.34588,0,0.2875,0.86271,0.41601,0,-0.48248,-0.24476,0.84101,0,62.616,260.66,153.33,1
0.82713,-0.44586,0.34214,0,0.29005,0.86011,0.41963,0,-0.48137,-0.24785,0.84074,0,63.331,259.25,153.94,1
0.82689,-0.4491,0.33847,0,0.29251,0.85752,0.4232,0,-0.48031,-0.25093,0.84044,0,64.01,257.83,154.53,1
0.82664,-0.45225,0.33487,0,0.29488,0.85496,0.42673,0,-0.47929,-0.254,0.8401,0,64.653,256.41,155.11,1
0.82639,-0.4553,0.33133,0,0.29715,0.85242,0.43021,0,-0.47831,-0.25707,0.83973,0,65.26,254.98,155.67,1
0.82615,-0.45824,0.32786,0,0.29933,0.84991,0.43365,0,-0.47737,-0.26012,0.83932,0,65.829,253.55,156.22,1
0.82591,-0.46109,0.32446,0,0.30141,0.84743,0.43704,0,-0.47648,-0.26316,0.83888,0,66.363,252.12,156.74,1
0.82567,-0.46384,0.32113,0,0.3034,0.84498,0.4404,0,-0.47562,-0.26619,0.83841,0,66.86,250.68,157.26,1
0.82544,-0.46648,0.31788,0,0.3053,0.84257,0.44371,0,-0.47481,-0.2692,0.8379,0,67.32,249.24,157.75,1
0.82521,-0.46903,0.31469,0,0.30709,0.84018,0.44697,0,-0.47404,-0.27221,0.83737,0,67.744,247.8,158.23,1
0.825,-0.47148,0.31158,0,0.30879,0.83784,0.4502,0,-0.47331,-0.2752,0.8368,0,68.133,246.36,158.69,1
0.82479,-0.47384,0.30854,0,0.3104,0.83552,0.45338,0,-0.47263,-0.27818,0.83621,0,68.485,244.92,159.14,1
0.82459,-0.47609,0.30558,0,0.31191,0.83324,0.45653,0,-0.47198,-0.28114,0.83558,0,68.801,243.47,159.57,1
0.82441,-0.47826,0.3027,0,0.31332,0.831,0.45963,0,-0.47137,-0.28408,0.83493,0,69.082,242.03,159.99,1
0.82423,-0.48032,0.29989,0,0.31463,0.8288,0.4627,0,-0.4708,-0.28701,0.83425,0,69.327,240.59,160.39,1
0.82407,-0.48229,0.29716,0,0.31586,0.82664,0.46572,0,-0.47026,-0.28993,0.83354,0,69.538,239.14,160.77,1
0.82392,-0.48417,0.29452,0,0.31698,0.82452,0.46871,0,-0.46977,-0.29282,0.83281,0,69.713,237.7,161.14,1
0.82378,-0.48595,0.29194,0,0.31801,0.82244,0.47166,0,-0.46931,-0.2957,0.83205,0,69.854,236.26,161.49,1
0.82366,-0.48764,0.28945,0,0.31894,0.8204,0.47457,0,-0.46889,-0.29856,0.83126,0,69.961,234.83,161.83,1
0.82356,-0.48925,0.28704,0,0.31978,0.81841,0.47744,0,-0.46851,-0.30141,0.83045,0,70.033,233.39,162.16,1
0.82346,-0.49076,0.28472,0,0.32052,0.81645,0.48028,0,-0.46816,-0.30423,0.82962,0,70.073,231.96,162.47,1
0.82339,-0.49218,0.28247,0,0.32117,0.81454,0.48308,0,-0.46785,-0.30704,0.82876,0,70.079,230.53,162.76,1
0.82333,-0.49352,0.2803,0,0.32173,0.81268,0.48585,0,-0.46757,-0.30983,0.82788,0,70.052,229.1,163.04,1
0.82329,-0.49477,0.27822,0,0.32219,0.81086,0.48858,0,-0.46733,-0.3126,0.82698,0,69.993,227.68,163.3,1
0.82326,-0.49593,0.27621,0,0.32256,0.80908,0.49127,0,-0.46712,-0.31535,0.82605,0,69.901,226.26,163.55,1
0.82325,-0.49701,0.27429,0,0.32284,0.80734,0.49394,0,-0.46694,-0.31808,0.8251,0,69.779,224.84,163.79,1
0.82326,-0.49801,0.27245,0,0.32303,0.80565,0.49657,0,-0.4668,-0.32079,0.82413,0,69.625,223.43,164.01,1
0.82328,-0.49893,0.27069,0,0.32313,0.80401,0.49916,0,-0.46669,-0.32348,0.82314,0,69.441,222.02,164.22,1
0.82332,-0.49977,0.26902,0,0.32313,0.8024,0.50173,0,-0.46661,-0.32616,0.82213,0,69.226,220.62,164.41,1
0.82338,-0.50053,0.26742,0,0.32305,0.80085,0.50426,0,-0.46656,-0.32881,0.8211,0,68.982,219.22,164.59,1
0.82346,-0.50121,0.26591,0,0.32288,0.79933,0.50677,0,-0.46655,-0.33144,0.82005,0,68.709,217.82,164.76,1
0.82355,-0.50182,0.26448,0,0.32263,0.79786,0.50924,0,-0.46656,-0.33405,0.81898,0,68.408,216.43,164.91,1
0.82365,-0.50235,0.26313,0,0.32229,0.79644,0.51168,0,-0.46661,-0.33665,0.81789,0,68.078,215.05,165.05,1
0.82378,-0.50281,0.26185,0,0.32186,0.79505,0.5141,0,-0.46668,-0.33922,0.81678,0,67.722,213.67,165.18,1
0.82392,-0.5032,0.26066,0,0.32135,0.79371,0.51649,0,-0.46679,-0.34178,0.81566,0,67.338,212.29,165.29,1
0.82407,-0.50352,0.25955,0,0.32076,0.79241,0.51884,0,-0.46692,-0.34431,0.81452,0,66.928,210.92,165.39,1
0.82424,-0.50378,0.25851,0,0.32009,0.79115,0.52117,0,-0.46708,-0.34683,0.81336,0,66.493,209.56,165.47,1
0.82443,-0.50396,0.25756,0,0.31934,0.78993,0.52348,0,-0.46727,-0.34932,0.81218,0,66.033,208.2,165.55,1
0.82463,-0.50408,0.25668,0,0.3185,0.78875,0.52576,0,-0.46748,-0.3518,0.81098,0,65.548,206.84,165.61,1
0.82484,-0.50414,0.25587,0,0.31759,0.78762,0.52801,0,-0.46772,-0.35426,0.80977,0,65.04,205.5,165.65,1
0.82507,-0.50414,0.25515,0,0.31661,0.78652,0.53024,0,-0.46799,-0.3567,0.80855,0,64.509,204.15,165.69,1
0.82531,-0.50408,0.25449,0,0.31555,0.78545,0.53244,0,-0.46828,-0.35913,0.8073,0,63.956,202.82,165.71,1
0.82557,-0.50395,0.25391,0,0.31441,0.78443,0.53462,0,-0.4686,-0.36153,0.80604,0,63.38,201.48,165.72,1
0.82583,-0.50378,0.2534,0,0.31321,0.78343,0.53678,0,-0.46894,-0.36392,0.80477,0,62.784,200.16,165.72,1
0.82611,-0.50354,0.25297,0,0.31193,0.78248,0.53891,0,-0.46931,-0.36629,0.80348,0,62.168,198.84,165.7,1
0.82639,-0.50326,0.2526,0,0.31058,0.78156,0.54103,0,-0.4697,-0.36865,0.80218,0,61.532,197.52,165.68,1
0.82669,-0.50292,0.2523,0,0.30917,0.78067,0.54312,0,-0.47011,-0.37098,0.80086,0,60.877,196.21,165.64,1
0.82699,-0.50253,0.25207,0,0.30768,0.77981,0.54519,0,-0.47054,-0.37331,0.79952,0,60.204,194.91,165.58,1
0.82731,-0.5021,0.25191,0,0.30614,0.77898,0.54724,0,-0.471,-0.37561,0.79817,0,59.512,193.61,165.52,1
0.82763,-0.50161,0.25182,0,0.30452,0.77819,0.54927,0,-0.47148,-0.37791,0.7968,0,58.803,192.32,165.45,1
0.82796,-0.50108,0.25179,0,0.30285,0.77742,0.55128,0,-0.47198,-0.38018,0.79542,0,58.078,191.03,165.36,1
0.8283,-0.50051,0.25182,0,0.30111,0.77668,0.55327,0,-0.4725,-0.38245,0.79403,0,57.336,189.75,165.26,1
0.82864,-0.49989,0.25192,0,0.2993,0.77597,0.55524,0,-0.47304,-0.3847,0.79262,0,56.578,188.48,165.15,1
0.82899,-0.49923,0.25209,0,0.29744,0.77528,0.5572,0,-0.47361,-0.38693,0.79119,0,55.805,187.2,165.03,1
0.82934,-0.49853,0.25231,0,0.29552,0.77462,0.55914,0,-0.47419,-0.38916,0.78975,0,55.018,185.94,164.9,1
0.8297,-0.49778,0.2526,0,0.29354,0.77398,0.56107,0,-0.4748,-0.39137,0.78829,0,54.216,184.68,164.76,1
0.83006,-0.49701,0.25295,0,0.2915,0.77336,0.56297,0,-0.47542,-0.39357,0.78682,0,53.4,183.42,164.6,1
0.83043,-0.49619,0.25335,0,0.2894,0.77277,0.56487,0,-0.47607,-0.39576,0.78533,0,52.57,182.17,164.44,1
0.83079,-0.49534,0.25382,0,0.28725,0.77219,0.56675,0,-0.47673,-0.39794,0.78382,0,51.728,180.93,164.26,1
0.83116,-0.49445,0.25434,0,0.28504,0.77164,0.56861,0,-0.47741,-0.40011,0.7823,0,50.872,179.69,164.07,1
0.83153,-0.49353,0.25493,0,0.28278,0.77111,0.57047,0,-0.47812,-0.40227,0.78076,0,50.005,178.45,163.87,1
0.8319,-0.49258,0.25556,0,0.28046,0.77059,0.57231,0,-0.47884,-0.40442,0.7792,0,49.125,177.22,163.66,1
0.83226,-0.4916,0.25626,0,0.27809,0.77009,0.57413,0,-0.47958,-0.40657,0.77763,0,48.234,175.99,163.44,1
0.83263,-0.49058,0.25701,0,0.27567,0.7696,0.57595,0,-0.48035,-0.4087,0.77603,0,47.332,174.77,163.21,1
0.833,-0.48954,0.25781,0,0.27319,0.76913,0.57776,0,-0.48113,-0.41084,0.77442,0,46.418,173.55,162.97,1
0.83336,-0.48847,0.25867,0,0.27067,0.76867,0.57955,0,-0.48193,-0.41296,0.77279,0,45.494,172.34,162.72,1
0.83372,-0.48737,0.25958,0,0.26809,0.76823,0.58134,0,-0.48275,-0.41508,0.77114,0,44.56,171.13,162.45,1
0.83407,-0.48625,0.26055,0,0.26546,0.76779,0.58312,0,-0.48359,-0.4172,0.76947,0,43.616,169.92,162.18,1
0.83442,-0.4851,0.26156,0,0.26278,0.76737,0.58489,0,-0.48444,-0.41931,0.76779,0,42.661,168.72,161.89,1
0.83477,-0.48393,0.26263,0,0.26005,0.76695,0.58665,0,-0.48532,-0.42142,0.76608,0,41.698,167.52,161.6,1
0.83511,-0.48273,0.26374,0,0.25727,0.76655,0.5884,0,-0.48621,-0.42353,0.76434,0,40.724,166.32,161.29,1
0.83544,-0.48151,0.26491,0,0.25444,0.76615,0.59015,0,-0.48713,-0.42563,0.76259,0,39.742,165.13,160.97,1
0.83577,-0.48027,0.26613,0,0.25157,0.76575,0.5919,0,-0.48806,-0.42774,0.76081,0,38.751,163.94,160.64,1
0.83609,-0.47901,0.26739,0,0.24864,0.76536,0.59363,0,-0.48901,-0.42985,0.75901,0,37.751,162.75,160.3,1
0.8364,-0.47773,0.2687,0,0.24567,0.76497,0.59537,0,-0.48998,-0.43195,0.75719,0,36.743,161.57,159.95,1
0.8367,-0.47644,0.27006,0,0.24265,0.76459,0.5971,0,-0.49097,-0.43406,0.75534,0,35.727,160.39,159.59,1
0.837,-0.47512,0.27147,0,0.23958,0.76421,0.59882,0,-0.49197,-0.43618,0.75347,0,34.702,159.21,159.22,1
0.83728,-0.47379,0.27293,0,0.23646,0.76382,0.60055,0,-0.493,-0.43829,0.75157,0,33.67,158.03,158.83,1
0.83755,-0.47244,0.27443,0,0.2333,0.76344,0.60227,0,-0.49404,-0.44041,0.74964,0,32.63,156.85,158.44,1
0.83781,-0.47107,0.27597,0,0.23009,0.76306,0.60399,0,-0.49511,-0.44254,0.74768,0,31.582,155.68,158.03,1
0.83806,-0.46969,0.27756,0,0.22683,0.76267,0.60571,0,-0.49619,-0.44467,0.7457,0,30.526,154.5,157.61,1
0.8383,-0.4683,0.2792,0,0.22352,0.76227,0.60743,0,-0.49728,-0.44681,0.74369,0,29.464,153.33,157.19,1
0.83852,-0.46689,0.28087,0,0.22017,0.76187,0.60916,0,-0.4984,-0.44895,0.74165,0,28.394,152.16,156.75,1
0.83873,-0.46547,0.2826,0,0.21677,0.76147,0.61088,0,-0.49954,-0.45111,0.73957,0,27.317,150.99,156.3,1
0.83893,-0.46405,0.28436,0,0.21332,0.76106,0.61261,0,-0.50069,-0.45327,0.73746,0,26.233,149.81,155.83,1
0.83911,-0.46261,0.28617,0,0.20983,0.76063,0.61433,0,-0.50186,-0.45545,0.73532,0,25.142,148.64,155.36,1
0.83927,-0.46116,0.28802,0,0.20629,0.7602,0.61607,0,-0.50305,-0.45763,0.73315,0,24.044,147.47,154.87,1
0.83942,-0.4597,0.28991,0,0.2027,0.75976,0.6178,0,-0.50426,-0.45983,0.73094,0,22.94,146.3,154.38,1
0.83956,-0.45823,0.29184,0,0.19907,0.7593,0.61954,0,-0.50549,-0.46205,0.72869,0,21.829,145.13,153.87,1
0.83967,-0.45676,0.29381,0,0.19538,0.75883,0.62129,0,-0.50673,-0.46427,0.72641,0,20.711,143.95,153.35,1
0.83977,-0.45527,0.29583,0,0.19165,0.75835,0.62304,0,-0.50799,-0.46651,0.72409,0,19.587,142.78,152.81,1
0.83985,-0.45379,0.29788,0,0.18787,0.75784,0.6248,0,-0.50927,-0.46877,0.72173,0,18.457,141.6,152.27,1
0.83991,-0.4523,0.29997,0,0.18405,0.75732,0.62657,0,-0.51057,-0.47105,0.71933,0,17.32,140.42,151.71,1
0.83995,-0.4508,0.3021,0,0.18017,0.75679,0.62834,0,-0.51188,-0.47334,0.71688,0,16.177,139.24,151.14,1
0.83997,-0.4493,0.30427,0,0.17625,0.75623,0.63012,0,-0.51321,-0.47566,0.7144,0,15.027,138.06,150.55,1
0.83997,-0.4478,0.30648,0,0.17228,0.75565,0.63192,0,-0.51456,-0.47799,0.71187,0,13.872,136.87,149.96,1
0.83995,-0.44629,0.30872,0,0.16826,0.75504,0.63372,0,-0.51593,-0.48034,0.70929,0,12.71,135.68,149.35,1
0.8399,-0.44479,0.31101,0,0.16419,0.75442,0.63553,0,-0.51731,-0.48272,0.70667,0,11.542,134.49,148.72,1
0.83984,-0.44329,0.31333,0,0.16007,0.75376,0.63735,0,-0.5187,-0.48512,0.70399,0,10.368,133.29,148.08,1
0.83975,-0.44178,0.31568,0,0.1559,0.75308,0.63919,0,-0.52012,-0.48754,0.70127,0,9.1886,132.09,147.43,1
0.83963,-0.44028,0.31808,0,0.15168,0.75237,0.64104,0,-0.52155,-0.48999,0.6985,0,8.0028,130.88,146.77,1
0.83949,-0.43878,0.3205,0,0.14741,0.75163,0.6429,0,-0.52299,-0.49246,0.69567,0,6.8111,129.67,146.09,1
0.83933,-0.43728,0.32297,0,0.14309,0.75086,0.64477,0,-0.52445,-0.49496,0.69279,0,5.6136,128.46,145.39,1
0.83914,-0.43579,0.32547,0,0.13872,0.75006,0.64666,0,-0.52593,-0.49749,0.68986,0,4.4102,127.23,144.68,1
0.83893,-0.4343,0.328,0,0.13429,0.74922,0.64856,0,-0.52741,-0.50005,0.68687,0,3.201,126,143.96,1
0.83869,-0.43282,0.33057,0,0.12981,0.74835,0.65048,0,-0.52892,-0.50264,0.68382,0,1.9862,124.77,143.22,1
0.83842,-0.43135,0.33317,0,0.12529,0.74744,0.65241,0,-0.53044,-0.50525,0.6807,0,0.76563,123.53,142.46,1
0.83812,-0.42988,0.3358,0,0.1207,0.74648,0.65436,0,-0.53197,-0.5079,0.67753,0,-0.46054,122.28,141.69,1
0.83779,-0.42842,0.33846,0,0.11607,0.74549,0.65633,0,-0.53351,-0.51058,0.67429,0,-1.6923,121.02,140.9,1
0.83744,-0.42697,0.34116,0,0.11138,0.74446,0.65832,0,-0.53506,-0.5133,0.67099,0,-2.9295,119.76,140.1,1
0.83705,-0.42554,0.34389,0,0.10664,0.74338,0.66032,0,-0.53663,-0.51605,0.66762,0,-4.1722,118.49,139.27,1
0.83664,-0.42412,0.34665,0,0.10184,0.74225,0.66234,0,-0.53821,-0.51883,0.66419,0,-5.4202,117.2,138.43,1
0.83619,-0.42271,0.34944,0,0.096985,0.74108,0.66438,0,-0.5398,-0.52166,0.66068,0,-6.6735,115.91,137.57,1
0.83571,-0.42131,0.35226,0,0.092077,0.73985,0.66644,0,-0.5414,-0.52451,0.6571,0,-7.9321,114.61,136.7,1
0.8352,-0.41993,0.35511,0,0.087113,0.73858,0.66852,0,-0.543,-0.52741,0.65344,0,-9.1958,113.3,135.8,1
0.83466,-0.41857,0.35798,0,0.082092,0.73725,0.67061,0,-0.54462,-0.53034,0.64971,0,-10.464,111.98,134.89,1
0.83408,-0.41722,0.36089,0,0.077015,0.73586,0.67273,0,-0.54625,-0.53332,0.6459,0,-11.738,110.65,133.96,1
