0.74734,0.41004,0.52283,0,-0.3617,0.91113,-0.19754,0,-0.55736,-0.041481,0.82923,0,-69.434,383.49,-21.725,1
0.7474,0.40866,0.52383,0,-0.35964,0.9118,-0.19819,0,-0.55862,-0.040263,0.82845,0,-69.281,383.63,-21.707,1
0.74745,0.40727,0.52483,0,-0.35758,0.91247,-0.19884,0,-0.55987,-0.039049,0.82766,0,-69.127,383.77,-21.689,1
0.7475,0.40589,0.52583,0,-0.35552,0.91314,-0.19947,0,-0.56112,-0.037841,0.82687,0,-68.972,383.91,-21.67,1
0.74755,0.4045,0.52683,0,-0.35346,0.9138,-0.20008,0,-0.56235,-0.036644,0.82609,0,-68.816,384.05,-21.651,1
0.7476,0.40311,0.52782,0,-0.35141,0.91446,-0.20067,0,-0.56357,-0.035461,0.82531,0,-68.66,384.18,-21.631,1
0.74765,0.40173,0.52881,0,-0.34937,0.91512,-0.20124,0,-0.56477,-0.034297,0.82454,0,-68.503,384.32,-21.61,1
0.74769,0.40034,0.52979,0,-0.34735,0.91577,-0.20178,0,-0.56595,-0.033155,0.82377,0,-68.347,384.46,-21.587,1
0.74774,0.39896,0.53077,0,-0.34536,0.91641,-0.2023,0,-0.56711,-0.032039,0.82302,0,-68.19,384.59,-21.563,1
0.74779,0.39758,0.53173,0,-0.34338,0.91704,-0.20277,0,-0.56824,-0.030955,0.82228,0,-68.033,384.73,-21.537,1
0.74784,0.39621,0.53269,0,-0.34144,0.91767,-0.20322,0,-0.56935,-0.029906,0.82155,0,-67.876,384.86,-21.509,1
0.74789,0.39485,0.53363,0,-0.33953,0.91829,-0.20362,0,-0.57043,-0.028896,0.82084,0,-67.719,384.99,-21.479,1
0.74794,0.3935,0.53456,0,-0.33766,0.9189,-0.20398,0,-0.57147,-0.027932,0.82015,0,-67.563,385.12,-21.446,1
0.74799,0.39216,0.53547,0,-0.33583,0.9195,-0.20429,0,-0.57248,-0.027017,0.81947,0,-67.408,385.25,-21.41,1
0.74804,0.39083,0.53637,0,-0.33405,0.92009,-0.20455,0,-0.57345,-0.026156,0.81882,0,-67.254,385.37,-21.371,1
0.7481,0.38951,0.53724,0,-0.33232,0.92067,-0.20476,0,-0.57438,-0.025354,0.81819,0,-67.1,385.49,-21.329,1
0.74815,0.38821,0.5381,0,-0.33065,0.92124,-0.20491,0,-0.57527,-0.024618,0.81759,0,-66.947,385.61,-21.282,1
0.74822,0.38693,0.53894,0,-0.32904,0.9218,-0.205,0,-0.57611,-0.023951,0.81702,0,-66.796,385.72,-21.232,1
0.74828,0.38567,0.53975,0,-0.3275,0.92234,-0.20502,0,-0.57691,-0.023359,0.81648,0,-66.646,385.83,-21.177,1
0.74835,0.38443,0.54054,0,-0.32603,0.92287,-0.20497,0,-0.57765,-0.022847,0.81597,0,-66.498,385.94,-21.118,1
0.74842,0.38321,0.54131,0,-0.32464,0.92339,-0.20484,0,-0.57834,-0.02242,0.81549,0,-66.352,386.03,-21.053,1
0.7485,0.38201,0.54205,0,-0.32333,0.92389,-0.20465,0,-0.57897,-0.022082,0.81505,0,-66.207,386.13,-20.983,1
0.74858,0.38084,0.54275,0,-0.32211,0.92438,-0.20437,0,-0.57954,-0.02184,0.81465,0,-66.065,386.22,-20.908,1
0.74867,0.3797,0.54343,0,-0.32097,0.92486,-0.204,0,-0.58006,-0.021697,0.81429,0,-65.924,386.3,-20.827,1
0.74877,0.37858,0.54408,0,-0.31994,0.92531,-0.20355,0,-0.58051,-0.021658,0.81397,0,-65.786,386.38,-20.739,1
0.74887,0.3775,0.54469,0,-0.319,0.92576,-0.20301,0,-0.58089,-0.021727,0.81369,0,-65.651,386.45,-20.645,1
0.74898,0.37644,0.54527,0,-0.31816,0.92618,-0.20238,0,-0.58121,-0.021908,0.81346,0,-65.518,386.51,-20.544,1
0.7491,0.37541,0.54582,0,-0.31744,0.92659,-0.20165,0,-0.58145,-0.022207,0.81328,0,-65.388,386.57,-20.436,1
0.74922,0.37442,0.54633,0,-0.31682,0.92698,-0.20082,0,-0.58163,-0.022626,0.81314,0,-65.261,386.62,-20.321,1
0.74936,0.37347,0.5468,0,-0.31632,0.92735,-0.19989,0,-0.58173,-0.023171,0.81305,0,-65.137,386.66,-20.198,1
0.7495,0.37254,0.54723,0,-0.31593,0.92771,-0.19886,0,-0.58175,-0.023844,0.81302,0,-65.016,386.7,-20.068,1
0.74965,0.37166,0.54762,0,-0.31567,0.92804,-0.19772,0,-0.5817,-0.02465,0.81303,0,-64.898,386.73,-19.929,1
0.74982,0.37081,0.54797,0,-0.31553,0.92836,-0.19646,0,-0.58157,-0.025591,0.8131,0,-64.783,386.75,-19.782,1
0.74999,0.37,0.54828,0,-0.31552,0.92865,-0.1951,0,-0.58135,-0.026673,0.81322,0,-64.672,386.76,-19.627,1
0.75017,0.36923,0.54855,0,-0.31563,0.92892,-0.19361,0,-0.58105,-0.027897,0.81339,0,-64.564,386.76,-19.463,1
0.75037,0.36851,0.54877,0,-0.31588,0.92916,-0.19202,0,-0.58066,-0.029267,0.81362,0,-64.46,386.75,-19.29,1
0.75057,0.36782,0.54895,0,-0.31627,0.92939,-0.1903,0,-0.58018,-0.030786,0.8139,0,-64.36,386.74,-19.108,1
0.75079,0.36718,0.54909,0,-0.31679,0.92959,-0.18845,0,-0.57962,-0.032457,0.81424,0,-64.263,386.71,-18.917,1
0.75102,0.36658,0.54917,0,-0.31745,0.92976,-0.18648,0,-0.57896,-0.034282,0.81464,0,-64.17,386.68,-18.716,1
0.75126,0.36602,0.54921,0,-0.31826,0.9299,-0.18439,0,-0.5782,-0.036264,0.81509,0,-64.081,386.63,-18.506,1
0.75152,0.36551,0.5492,0,-0.3192,0.93001,-0.18216,0,-0.57735,-0.038406,0.8156,0,-63.996,386.58,-18.285,1
0.75179,0.36505,0.54914,0,-0.32029,0.9301,-0.17981,0,-0.57639,-0.04071,0.81616,0,-63.915,386.51,-18.055,1
0.75207,0.36463,0.54903,0,-0.32153,0.93015,-0.17731,0,-0.57534,-0.043177,0.81678,0,-63.838,386.44,-17.815,1
0.75236,0.36426,0.54887,0,-0.32291,0.93017,-0.17469,0,-0.57418,-0.045809,0.81745,0,-63.764,386.36,-17.565,1
0.75267,0.36394,0.54866,0,-0.32444,0.93015,-0.17192,0,-0.57291,-0.048609,0.81818,0,-63.695,386.26,-17.304,1
0.75299,0.36367,0.5484,0,-0.32612,0.9301,-0.16901,0,-0.57153,-0.051577,0.81896,0,-63.63,386.16,-17.033,1
0.75333,0.36345,0.54809,0,-0.32794,0.93,-0.16597,0,-0.57004,-0.054715,0.81979,0,-63.568,386.04,-16.752,1
0.75368,0.36328,0.54772,0,-0.32992,0.92987,-0.16277,0,-0.56844,-0.058025,0.82068,0,-63.511,385.92,-16.46,1
0.75404,0.36317,0.5473,0,-0.33204,0.92969,-0.15944,0,-0.56672,-0.061507,0.82161,0,-63.458,385.78,-16.157,1
0.75442,0.3631,0.54682,0,-0.33432,0.92947,-0.15595,0,-0.56488,-0.065161,0.8226,0,-63.408,385.63,-15.844,1
0.75481,0.36309,0.54629,0,-0.33674,0.9292,-0.15232,0,-0.56292,-0.068989,0.82363,0,-63.363,385.47,-15.52,1
0.75521,0.36313,0.54571,0,-0.33931,0.92888,-0.14853,0,-0.56083,-0.072991,0.82471,0,-63.322,385.3,-15.186,1
0.75563,0.36322,0.54507,0,-0.34202,0.9285,-0.14459,0,-0.55861,-0.077166,0.82583,0,-63.284,385.12,-14.84,1
0.75606,0.36337,0.54437,0,-0.34488,0.92807,-0.1405,0,-0.55627,-0.081516,0.827,0,-63.25,384.93,-14.484,1
0.7565,0.36358,0.54362,0,-0.34789,0.92758,-0.13626,0,-0.55379,-0.086039,0.8282,0,-63.22,384.73,-14.118,1
0.75696,0.36383,0.54281,0,-0.35103,0.92703,-0.13185,0,-0.55117,-0.090735,0.82944,0,-63.194,384.52,-13.741,1
0.75743,0.36415,0.54194,0,-0.35432,0.92642,-0.12729,0,-0.54842,-0.095603,0.83072,0,-63.171,384.29,-13.353,1
0.75791,0.36452,0.54101,0,-0.35774,0.92574,-0.12257,0,-0.54552,-0.10064,0.83203,0,-63.151,384.06,-12.955,1
0.75841,0.36495,0.54003,0,-0.3613,0.92499,-0.1177,0,-0.54248,-0.10585,0.83337,0,-63.135,383.81,-12.546,1
0.75891,0.36543,0.53899,0,-0.365,0.92417,-0.11266,0,-0.53929,-0.11123,0.83474,0,-63.123,383.56,-12.127,1
0.75943,0.36597,0.53789,0,-0.36882,0.92327,-0.10746,0,-0.53595,-0.11678,0.83614,0,-63.113,383.29,-11.698,1
0.75996,0.36657,0.53674,0,-0.37277,0.92229,-0.10209,0,-0.53245,-0.12249,0.83755,0,-63.107,383.01,-11.258,1
0.7605,0.36723,0.53552,0,-0.37685,0.92123,-0.096566,0,-0.5288,-0.12837,0.83898,0,-63.104,382.72,-10.809,1
0.76105,0.36795,0.53425,0,-0.38104,0.92008,-0.090877,0,-0.52499,-0.13441,0.84043,0,-63.103,382.43,-10.349,1
0.76161,0.36872,0.53291,0,-0.38535,0.91885,-0.085023,0,-0.52102,-0.1406,0.84189,0,-63.106,382.12,-9.8798,1
0.76218,0.36955,0.53152,0,-0.38977,0.91752,-0.079005,0,-0.51688,-0.14696,0.84335,0,-63.111,381.8,-9.401,1
0.76275,0.37044,0.53007,0,-0.3943,0.91609,-0.072823,0,-0.51257,-0.15346,0.84482,0,-63.118,381.47,-8.9127,1
0.76334,0.37139,0.52857,0,-0.39894,0.91457,-0.066476,0,-0.5081,-0.16012,0.84629,0,-63.128,381.13,-8.4151,1
0.76393,0.3724,0.527,0,-0.40367,0.91294,-0.059964,0,-0.50345,-0.16692,0.84775,0,-63.139,380.78,-7.9085,1
0.76453,0.37346,0.52537,0,-0.40849,0.9112,-0.053289,0,-0.49862,-0.17387,0.8492,0,-63.153,380.42,-7.393,1
0.76513,0.37459,0.52369,0,-0.41341,0.90936,-0.046449,0,-0.49362,-0.18096,0.85064,0,-63.169,380.05,-6.8688,1
0.76574,0.37577,0.52195,0,-0.4184,0.9074,-0.039446,0,-0.48844,-0.18818,0.85206,0,-63.187,379.67,-6.3362,1
0.76636,0.37701,0.52015,0,-0.42347,0.90533,-0.03228,0,-0.48308,-0.19553,0.85346,0,-63.206,379.28,-5.7953,1
0.76697,0.37831,0.51829,0,-0.42862,0.90314,-0.024953,0,-0.47753,-0.20301,0.85484,0,-63.226,378.89,-5.2465,1
0.76759,0.37967,0.51638,0,-0.43382,0.90083,-0.017464,0,-0.4718,-0.21061,0.85618,0,-63.248,378.48,-4.69,1
0.76822,0.38109,0.51441,0,-0.43909,0.89839,-0.0098154,0,-0.46588,-0.21833,0.85749,0,-63.27,378.07,-4.126,1
0.76884,0.38256,0.51238,0,-0.44441,0.89582,-0.0020083,0,-0.45977,-0.22616,0.85876,0,-63.294,377.65,-3.5548,1
0.76946,0.38409,0.5103,0,-0.44977,0.89312,0.0059557,0,-0.45347,-0.2341,0.85998,0,-63.318,377.22,-2.9766,1
0.77008,0.38568,0.50816,0,-0.45517,0.89029,0.014075,0,-0.44698,-0.24214,0.86115,0,-63.343,376.78,-2.3918,1
0.7707,0.38732,0.50596,0,-0.4606,0.88733,0.022348,0,-0.4403,-0.25027,0.86227,0,-63.369,376.34,-1.8006,1
0.77132,0.38902,0.50371,0,-0.46606,0.88422,0.030772,0,-0.43342,-0.25849,0.86332,0,-63.394,375.89,-1.2033,1
0.77193,0.39077,0.50141,0,-0.47153,0.88097,0.039346,0,-0.42635,-0.2668,0.86431,0,-63.42,375.43,-0.60014,1
0.77254,0.39258,0.49905,0,-0.47701,0.87758,0.048066,0,-0.41909,-0.27519,0.86524,0,-63.445,374.96,0.0084815,1
0.77315,0.39445,0.49664,0,-0.48249,0.87405,0.056931,0,-0.41164,-0.28364,0.86608,0,-63.47,374.49,0.62231,1
0.77374,0.39636,0.49418,0,-0.48797,0.87037,0.065937,0,-0.40399,-0.29216,0.86685,0,-63.495,374.01,1.241,1
0.77433,0.39833,0.49167,0,-0.49343,0.86654,0.075081,0,-0.39614,-0.30074,0.86754,0,-63.519,373.53,1.8644,1
0.77492,0.40035,0.48911,0,-0.49887,0.86256,0.08436,0,-0.38811,-0.30937,0.86813,0,-63.543,373.04,2.492,1
0.77549,0.40242,0.4865,0,-0.50429,0.85843,0.093771,0,-0.37989,-0.31805,0.86864,0,-63.565,372.54,3.1236,1
0.77605,0.40454,0.48384,0,-0.50966,0.85415,0.10331,0,-0.37148,-0.32676,0.86904,0,-63.587,372.05,3.7588,1
0.7766,0.40671,0.48113,0,-0.51499,0.84972,0.11297,0,-0.36288,-0.33551,0.86934,0,-63.607,371.54,4.3974,1
0.77714,0.40892,0.47837,0,-0.52026,0.84514,0.12276,0,-0.35409,-0.34428,0.86954,0,-63.626,371.03,5.0391,1
0.77766,0.41118,0.47557,0,-0.52548,0.8404,0.13266,0,-0.34512,-0.35306,0.86962,0,-63.644,370.52,5.6835,1
0.77817,0.41349,0.47273,0,-0.53062,0.83551,0.14267,0,-0.33598,-0.36186,0.86958,0,-63.659,370.01,6.3304,1
0.77867,0.41584,0.46984,0,-0.53569,0.83048,0.15278,0,-0.32665,-0.37066,0.86943,0,-63.674,369.49,6.9794,1
0.77915,0.41824,0.46691,0,-0.54068,0.82529,0.163,0,-0.31716,-0.37945,0.86915,0,-63.686,368.97,7.6302,1
0.77962,0.42067,0.46394,0,-0.54557,0.81995,0.17332,0,-0.30749,-0.38823,0.86875,0,-63.696,368.44,8.2826,1
0.78006,0.42314,0.46092,0,-0.55036,0.81446,0.18373,0,-0.29766,-0.397,0.86821,0,-63.704,367.91,8.9363,1
0.78049,0.42566,0.45788,0,-0.55505,0.80882,0.19422,0,-0.28767,-0.40573,0.86754,0,-63.71,367.39,9.5909,1
0.7809,0.42821,0.45479,0,-0.55962,0.80304,0.2048,0,-0.27752,-0.41444,0.86673,0,-63.713,366.85,10.246,1
0.78129,0.43079,0.45167,0,-0.56407,0.79712,0.21545,0,-0.26722,-0.42311,0.86578,0,-63.714,366.32,10.902,1
0.78166,0.43341,0.44851,0,-0.5684,0.79106,0.22617,0,-0.25677,-0.43172,0.86469,0,-63.713,365.79,11.558,1
0.78201,0.43606,0.44532,0,-0.57258,0.78485,0.23696,0,-0.24619,-0.44029,0.86344,0,-63.709,365.26,12.214,1
0.78234,0.43874,0.44211,0,-0.57663,0.77852,0.2478,0,-0.23547,-0.4488,0.86205,0,-63.702,364.72,12.869,1
0.78264,0.44145,0.43886,0,-0.58053,0.77205,0.25869,0,-0.22462,-0.45724,0.86051,0,-63.692,364.19,13.525,1
0.78293,0.44418,0.43558,0,-0.58428,0.76545,0.26963,0,-0.21365,-0.4656,0.85882,0,-63.679,363.65,14.179,1
0.78319,0.44694,0.43228,0,-0.58786,0.75873,0.28061,0,-0.20257,-0.47389,0.85697,0,-63.663,363.12,14.832,1
0.78342,0.44972,0.42896,0,-0.59129,0.75189,0.29161,0,-0.19139,-0.48209,0.85496,0,-63.644,362.58,15.484,1
0.78364,0.45251,0.42561,0,-0.59454,0.74494,0.30265,0,-0.1801,-0.49021,0.8528,0,-63.622,362.05,16.135,1
0.78383,0.45533,0.42224,0,-0.59762,0.73787,0.3137,0,-0.16872,-0.49822,0.85047,0,-63.597,361.52,16.784,1
0.78399,0.45817,0.41885,0,-0.60052,0.73069,0.32476,0,-0.15726,-0.50614,0.84799,0,-63.568,360.99,17.432,1
0.78413,0.46102,0.41545,0,-0.60324,0.72341,0.33583,0,-0.14572,-0.51395,0.84535,0,-63.536,360.46,18.078,1
0.78425,0.46388,0.41203,0,-0.60578,0.71603,0.3469,0,-0.13411,-0.52165,0.84255,0,-63.5,359.93,18.722,1
0.78435,0.46675,0.40859,0,-0.60812,0.70856,0.35796,0,-0.12243,-0.52924,0.83959,0,-63.461,359.41,19.364,1
0.78441,0.46963,0.40514,0,-0.61028,0.701,0.36901,0,-0.11071,-0.5367,0.83648,0,-63.418,358.89,20.003,1
0.78446,0.47252,0.40168,0,-0.61224,0.69335,0.38004,0,-0.098931,-0.54405,0.8332,0,-63.371,358.36,20.641,1
0.78448,0.47542,0.39821,0,-0.61401,0.68562,0.39104,0,-0.087116,-0.55127,0.82977,0,-63.321,357.85,21.276,1
0.78447,0.47831,0.39473,0,-0.61558,0.67782,0.40202,0,-0.075268,-0.55836,0.82617,0,-63.268,357.33,21.908,1
0.78445,0.48122,0.39125,0,-0.61695,0.66995,0.41296,0,-0.063394,-0.56533,0.82243,0,-63.21,356.82,22.538,1
0.78439,0.48412,0.38776,0,-0.61812,0.66202,0.42386,0,-0.051503,-0.57215,0.81853,0,-63.149,356.31,23.166,1
0.78432,0.48702,0.38426,0,-0.61909,0.65402,0.43471,0,-0.0396,-0.57885,0.81447,0,-63.084,355.8,23.791,1
0.78422,0.48992,0.38076,0,-0.61987,0.64598,0.44551,0,-0.027695,-0.5854,0.81027,0,-63.015,355.3,24.413,1
0.7841,0.49282,0.37726,0,-0.62044,0.63788,0.45626,0,-0.015792,-0.59181,0.80592,0,-62.942,354.8,25.033,1
0.78395,0.49571,0.37375,0,-0.62081,0.62973,0.46694,0,-0.0039006,-0.59809,0.80142,0,-62.865,354.3,25.65,1
0.78379,0.49859,0.37025,0,-0.62098,0.62155,0.47755,0,0.0079736,-0.60422,0.79678,0,-62.784,353.81,26.265,1
0.7836,0.50147,0.36675,0,-0.62095,0.61333,0.48809,0,0.019824,-0.6102,0.792,0,-62.699,353.32,26.876,1
0.78338,0.50434,0.36325,0,-0.62073,0.60509,0.49856,0,0.031643,-0.61605,0.78707,0,-62.611,352.83,27.485,1
0.78315,0.5072,0.35976,0,-0.62031,0.59682,0.50894,0,0.043425,-0.62174,0.78202,0,-62.518,352.35,28.092,1
0.7829,0.51004,0.35627,0,-0.6197,0.58852,0.51924,0,0.055163,-0.62729,0.77683,0,-62.421,351.87,28.695,1
0.78263,0.51287,0.35278,0,-0.61889,0.58022,0.52945,0,0.066851,-0.6327,0.77151,0,-62.32,351.39,29.296,1
0.78233,0.51569,0.34931,0,-0.6179,0.5719,0.53957,0,0.078483,-0.63796,0.76606,0,-62.215,350.92,29.895,1
0.78202,0.5185,0.34584,0,-0.61671,0.56358,0.54959,0,0.090054,-0.64307,0.76049,0,-62.106,350.45,30.491,1
0.78169,0.52128,0.34238,0,-0.61534,0.55525,0.55951,0,0.10156,-0.64804,0.7548,0,-61.992,349.99,31.084,1
0.78134,0.52405,0.33893,0,-0.61379,0.54693,0.56933,0,0.11299,-0.65287,0.749,0,-61.875,349.53,31.675,1
0.78098,0.5268,0.33549,0,-0.61206,0.53861,0.57903,0,0.12434,-0.65755,0.74308,0,-61.753,349.07,32.264,1
0.78059,0.52954,0.33206,0,-0.61015,0.53031,0.58863,0,0.1356,-0.66209,0.73705,0,-61.627,348.62,32.85,1
0.78019,0.53225,0.32865,0,-0.60807,0.52202,0.59812,0,0.14678,-0.66649,0.73092,0,-61.497,348.17,33.434,1
0.77978,0.53494,0.32525,0,-0.60582,0.51375,0.60748,0,0.15787,-0.67075,0.72469,0,-61.362,347.73,34.016,1
0.77935,0.53761,0.32186,0,-0.60341,0.50551,0.61673,0,0.16886,-0.67486,0.71836,0,-61.224,347.29,34.595,1
0.7789,0.54025,0.31849,0,-0.60083,0.49729,0.62586,0,0.17974,-0.67884,0.71194,0,-61.08,346.85,35.172,1
0.77845,0.54287,0.31513,0,-0.5981,0.48911,0.63486,0,0.19052,-0.68269,0.70544,0,-60.933,346.42,35.747,1
0.77798,0.54547,0.31179,0,-0.59521,0.48096,0.64374,0,0.20119,-0.6864,0.69884,0,-60.781,345.99,36.32,1
0.77749,0.54805,0.30847,0,-0.59218,0.47284,0.65249,0,0.21174,-0.68998,0.69217,0,-60.625,345.56,36.892,1
0.777,0.55059,0.30516,0,-0.58899,0.46477,0.66112,0,0.22217,-0.69342,0.68542,0,-60.464,345.14,37.461,1
0.77649,0.55311,0.30187,0,-0.58567,0.45675,0.66961,0,0.23249,-0.69674,0.6786,0,-60.299,344.73,38.028,1
0.77597,0.55561,0.29861,0,-0.58221,0.44877,0.67796,0,0.24268,-0.69993,0.67171,0,-60.129,344.32,38.594,1
0.77545,0.55807,0.29536,0,-0.57862,0.44084,0.68619,0,0.25274,-0.703,0.66476,0,-59.955,343.91,39.158,1
0.77491,0.56051,0.29213,0,-0.57491,0.43297,0.69428,0,0.26267,-0.70595,0.65775,0,-59.777,343.5,39.72,1
0.77437,0.56292,0.28892,0,-0.57107,0.42515,0.70223,0,0.27246,-0.70878,0.65069,0,-59.594,343.1,40.281,1
0.77382,0.5653,0.28573,0,-0.56711,0.4174,0.71005,0,0.28213,-0.71149,0.64358,0,-59.406,342.71,40.84,1
0.77326,0.56765,0.28256,0,-0.56304,0.4097,0.71773,0,0.29165,-0.71408,0.63642,0,-59.215,342.31,41.398,1
0.77269,0.56997,0.27942,0,-0.55886,0.40208,0.72527,0,0.30103,-0.71657,0.62922,0,-59.018,341.92,41.954,1
0.77212,0.57226,0.2763,0,-0.55458,0.39451,0.73267,0,0.31028,-0.71894,0.62198,0,-58.817,341.54,42.509,1
0.77155,0.57452,0.2732,0,-0.5502,0.38702,0.73993,0,0.31938,-0.72121,0.6147,0,-58.612,341.16,43.062,1
0.77097,0.57675,0.27012,0,-0.54572,0.3796,0.74706,0,0.32833,-0.72337,0.6074,0,-58.401,340.78,43.615,1
0.77038,0.57895,0.26707,0,-0.54116,0.37225,0.75404,0,0.33714,-0.72543,0.60008,0,-58.187,340.41,44.165,1
0.76979,0.58112,0.26404,0,-0.53651,0.36497,0.76089,0,0.3458,-0.72739,0.59273,0,-57.968,340.04,44.715,1
0.7692,0.58326,0.26104,0,-0.53178,0.35777,0.7676,0,0.35431,-0.72925,0.58537,0,-57.744,339.67,45.264,1
0.76861,0.58536,0.25806,0,-0.52698,0.35065,0.77417,0,0.36268,-0.73102,0.57799,0,-57.516,339.31,45.811,1
0.76801,0.58744,0.2551,0,-0.52211,0.34361,0.7806,0,0.37089,-0.7327,0.5706,0,-57.284,338.95,46.357,1
0.76742,0.58948,0.25217,0,-0.51717,0.33666,0.78689,0,0.37896,-0.73429,0.56321,0,-57.047,338.59,46.902,1
0.76682,0.59149,0.24927,0,-0.51217,0.32978,0.79305,0,0.38687,-0.73579,0.55582,0,-56.805,338.24,47.446,1
0.76622,0.59346,0.24639,0,-0.50712,0.32299,0.79907,0,0.39464,-0.73721,0.54843,0,-56.559,337.89,47.989,1
0.76562,0.59541,0.24353,0,-0.50201,0.31628,0.80496,0,0.40225,-0.73855,0.54105,0,-56.309,337.55,48.53,1
0.76503,0.59732,0.24071,0,-0.49685,0.30966,0.81071,0,0.40972,-0.73981,0.53368,0,-56.055,337.21,49.071,1
0.76443,0.5992,0.23791,0,-0.49166,0.30312,0.81633,0,0.41703,-0.741,0.52632,0,-55.796,336.87,49.61,1
0.76384,0.60105,0.23513,0,-0.48642,0.29667,0.82181,0,0.42419,-0.74211,0.51898,0,-55.533,336.54,50.148,1
0.76325,0.60287,0.23238,0,-0.48115,0.29032,0.82717,0,0.43121,-0.74315,0.51166,0,-55.265,336.21,50.685,1
0.76266,0.60465,0.22966,0,-0.47585,0.28405,0.83239,0,0.43808,-0.74412,0.50436,0,-54.994,335.88,51.221,1
0.76208,0.60641,0.22696,0,-0.47053,0.27787,0.83749,0,0.4448,-0.74502,0.49709,0,-54.718,335.56,51.755,1
0.76149,0.60813,0.22429,0,-0.46518,0.27178,0.84246,0,0.45137,-0.74587,0.48985,0,-54.439,335.24,52.288,1
0.76092,0.60982,0.22165,0,-0.45982,0.26578,0.84731,0,0.45779,-0.74665,0.48264,0,-54.155,334.92,52.82,1
0.76034,0.61148,0.21904,0,-0.45444,0.25987,0.85203,0,0.46408,-0.74737,0.47547,0,-53.868,334.61,53.35,1
0.75977,0.6131,0.21645,0,-0.44905,0.25405,0.85663,0,0.47021,-0.74804,0.46834,0,-53.576,334.3,53.879,1
0.75921,0.6147,0.21389,0,-0.44365,0.24833,0.86111,0,0.47621,-0.74865,0.46125,0,-53.281,333.99,54.406,1
0.75865,0.61627,0.21135,0,-0.43826,0.2427,0.86547,0,0.48206,-0.74921,0.4542,0,-52.983,333.69,54.932,1
0.75809,0.6178,0.20884,0,-0.43286,0.23715,0.86971,0,0.48778,-0.74972,0.44721,0,-52.681,333.39,55.456,1
0.75754,0.61931,0.20636,0,-0.42747,0.23171,0.87383,0,0.49336,-0.75018,0.44026,0,-52.375,333.09,55.978,1
0.757,0.62078,0.20391,0,-0.42208,0.22635,0.87785,0,0.4988,-0.7506,0.43337,0,-52.066,332.8,56.498,1
0.75646,0.62223,0.20148,0,-0.4167,0.22108,0.88175,0,0.50411,-0.75097,0.42653,0,-51.754,332.51,57.016,1
0.75593,0.62365,0.19908,0,-0.41134,0.21591,0.88554,0,0.50928,-0.7513,0.41975,0,-51.439,332.23,57.532,1
0.75541,0.62504,0.19671,0,-0.406,0.21083,0.88922,0,0.51432,-0.75159,0.41303,0,-51.121,331.94,58.046,1
0.75489,0.62639,0.19436,0,-0.40067,0.20584,0.8928,0,0.51924,-0.75184,0.40637,0,-50.8,331.67,58.558,1
0.75437,0.62773,0.19204,0,-0.39537,0.20094,0.89627,0,0.52402,-0.75205,0.39977,0,-50.476,331.39,59.067,1
0.75387,0.62903,0.18975,0,-0.3901,0.19614,0.89964,0,0.52868,-0.75223,0.39324,0,-50.15,331.12,59.573,1
0.75337,0.63031,0.18748,0,-0.38485,0.19142,0.90291,0,0.53322,-0.75238,0.38678,0,-49.822,330.85,60.077,1
0.75288,0.63155,0.18524,0,-0.37963,0.18679,0.90608,0,0.53764,-0.75249,0.38039,0,-49.491,330.59,60.577,1
0.75239,0.63278,0.18303,0,-0.37444,0.18226,0.90916,0,0.54194,-0.75258,0.37407,0,-49.159,330.33,61.075,1
0.75191,0.63397,0.18084,0,-0.3693,0.17781,0.91214,0,0.54612,-0.75263,0.36782,0,-48.825,330.07,61.569,1
0.75144,0.63515,0.17867,0,-0.36418,0.17346,0.91503,0,0.55019,-0.75266,0.36165,0,-48.489,329.82,62.06,1
0.75098,0.63629,0.17654,0,-0.35911,0.16919,0.91783,0,0.55414,-0.75267,0.35556,0,-48.151,329.57,62.547,1
0.75052,0.63741,0.17442,0,-0.35408,0.16501,0.92054,0,0.55799,-0.75265,0.34954,0,-47.812,329.33,63.03,1
0.75007,0.63851,0.17234,0,-0.34909,0.16092,0.92317,0,0.56172,-0.7526,0.3436,0,-47.473,329.09,63.51,1
0.74962,0.63959,0.17028,0,-0.34415,0.15691,0.92571,0,0.56535,-0.75253,0.33774,0,-47.132,328.85,63.985,1
0.74918,0.64064,0.16824,0,-0.33926,0.15299,0.92817,0,0.56888,-0.75245,0.33196,0,-46.791,328.62,64.455,1
0.74875,0.64167,0.16623,0,-0.33441,0.14916,0.93055,0,0.57231,-0.75234,0.32627,0,-46.449,328.39,64.921,1
0.74833,0.64268,0.16424,0,-0.32962,0.14542,0.93285,0,0.57564,-0.75221,0.32066,0,-46.108,328.16,65.383,1
0.74791,0.64366,0.16227,0,-0.32488,0.14175,0.93507,0,0.57887,-0.75207,0.31513,0,-45.766,327.94,65.839,1
0.74749,0.64463,0.16033,0,-0.32019,0.13818,0.93722,0,0.58201,-0.75191,0.30969,0,-45.425,327.73,66.29,1
0.74709,0.64557,0.15842,0,-0.31556,0.13468,0.9393,0,0.58505,-0.75173,0.30433,0,-45.084,327.52,66.735,1
0.74669,0.6465,0.15652,0,-0.31098,0.13127,0.94131,0,0.58801,-0.75154,0.29907,0,-44.744,327.31,67.175,1
0.74629,0.64741,0.15465,0,-0.30646,0.12794,0.94325,0,0.59087,-0.75133,0.29389,0,-44.405,327.11,67.609,1
0.7459,0.64829,0.15281,0,-0.302,0.1247,0.94512,0,0.59366,-0.75111,0.2888,0,-44.067,326.91,68.037,1
0.74552,0.64916,0.15099,0,-0.2976,0.12154,0.94692,0,0.59635,-0.75088,0.2838,0,-43.731,326.72,68.459,1
0.74514,0.65001,0.14919,0,-0.29327,0.11845,0.94866,0,0.59897,-0.75064,0.27889,0,-43.396,326.53,68.875,1
0.74476,0.65084,0.14741,0,-0.28899,0.11545,0.95034,0,0.60151,-0.75038,0.27408,0,-43.063,326.35,69.284,1
0.7444,0.65166,0.14566,0,-0.28479,0.11253,0.95196,0,0.60396,-0.75012,0.26935,0,-42.732,326.17,69.687,1
0.74403,0.65245,0.14393,0,-0.28064,0.10969,0.95352,0,0.60634,-0.74985,0.26472,0,-42.403,326,70.083,1
0.74368,0.65324,0.14222,0,-0.27657,0.10693,0.95503,0,0.60865,-0.74957,0.26018,0,-42.077,325.83,70.472,1
0.74333,0.654,0.14054,0,-0.27256,0.10425,0.95648,0,0.61088,-0.74928,0.25574,0,-41.753,325.67,70.854,1
0.74298,0.65475,0.13888,0,-0.26862,0.10164,0.95787,0,0.61305,-0.74898,0.25139,0,-41.432,325.51,71.229,1
0.74264,0.65548,0.13724,0,-0.26475,0.099113,0.95921,0,0.61514,-0.74868,0.24714,0,-41.115,325.36,71.597,1
0.7423,0.65619,0.13563,0,-0.26095,0.096663,0.9605,0,0.61716,-0.74838,0.24298,0,-40.8,325.21,71.957,1
0.74197,0.65689,0.13404,0,-0.25722,0.09429,0.96174,0,0.61912,-0.74807,0.23893,0,-40.489,325.07,72.31,1
0.74165,0.65758,0.13247,0,-0.25356,0.091993,0.96293,0,0.62102,-0.74775,0.23496,0,-40.182,324.93,72.655,1
0.74133,0.65825,0.13093,0,-0.24998,0.089773,0.96408,0,0.62285,-0.74743,0.2311,0,-39.878,324.8,72.992,1
0.74102,0.6589,0.12941,0,-0.24648,0.087628,0.96518,0,0.62462,-0.74711,0.22734,0,-39.579,324.67,73.322,1
0.74071,0.65954,0.12792,0,-0.24305,0.085558,0.96623,0,0.62632,-0.74679,0.22367,0,-39.283,324.55,73.644,1
0.7404,0.66016,0.12644,0,-0.23969,0.083562,0.96725,0,0.62797,-0.74646,0.2201,0,-38.992,324.43,73.957,1
0.74011,0.66077,0.125,0,-0.23641,0.081641,0.96822,0,0.62957,-0.74613,0.21664,0,-38.705,324.32,74.263,1
0.73981,0.66137,0.12357,0,-0.23321,0.079794,0.96915,0,0.6311,-0.74581,0.21327,0,-38.424,324.21,74.56,1
0.73952,0.66195,0.12217,0,-0.23009,0.07802,0.97004,0,0.63258,-0.74548,0.21001,0,-38.147,324.11,74.849,1
0.73924,0.66252,0.1208,0,-0.22705,0.07632,0.97089,0,0.63401,-0.74515,0.20684,0,-37.875,324.01,75.13,1
0.73897,0.66307,0.11945,0,-0.22409,0.074691,0.9717,0,0.63538,-0.74482,0.20378,0,-37.608,323.92,75.402,1
0.7387,0.66361,0.11812,0,-0.22121,0.073135,0.97248,0,0.63671,-0.7445,0.20082,0,-37.346,323.84,75.666,1
0.73843,0.66413,0.11682,0,-0.21841,0.071651,0.97322,0,0.63798,-0.74417,0.19796,0,-37.09,323.76,75.922,1
0.73817,0.66465,0.11554,0,-0.21569,0.070238,0.97393,0,0.6392,-0.74385,0.19521,0,-36.84,323.68,76.169,1
0.73792,0.66514,0.11429,0,-0.21306,0.068897,0.97461,0,0.64038,-0.74353,0.19255,0,-36.595,323.61,76.407,1
0.73767,0.66563,0.11307,0,-0.2105,0.067626,0.97525,0,0.64151,-0.74321,0.19,0,-36.356,323.55,76.637,1
0.73743,0.6661,0.11187,0,-0.20804,0.066425,0.97586,0,0.64259,-0.7429,0.18756,0,-36.123,323.49,76.858,1
0.73719,0.66656,0.11069,0,-0.20566,0.065294,0.97644,0,0.64363,-0.74259,0.18522,0,-35.896,323.43,77.07,1
0.73696,0.667,0.10954,0,-0.20336,0.064233,0.97699,0,0.64462,-0.74228,0.18298,0,-35.675,323.38,77.274,1
0.73674,0.66743,0.10842,0,-0.20115,0.063241,0.97752,0,0.64557,-0.74198,0.18084,0,-35.461,323.34,77.469,1
0.73652,0.66785,0.10733,0,-0.19902,0.062318,0.97801,0,0.64648,-0.74168,0.17882,0,-35.252,323.3,77.655,1
0.73631,0.66825,0.10626,0,-0.19699,0.061464,0.97848,0,0.64734,-0.74139,0.17689,0,-35.051,323.26,77.833,1
0.7361,0.66864,0.10521,0,-0.19504,0.060678,0.97892,0,0.64816,-0.7411,0.17508,0,-34.856,323.24,78.002,1
0.7359,0.66902,0.1042,0,-0.19317,0.05996,0.97933,0,0.64895,-0.74082,0.17336,0,-34.668,323.21,78.161,1
0.73571,0.66939,0.10321,0,-0.1914,0.05931,0.97972,0,0.64969,-0.74054,0.17176,0,-34.486,323.19,78.313,1
0.73553,0.66974,0.10225,0,-0.18972,0.058727,0.98008,0,0.65039,-0.74027,0.17026,0,-34.311,323.18,78.455,1
0.73535,0.67007,0.10131,0,-0.18812,0.058212,0.98042,0,0.65106,-0.74001,0.16886,0,-34.143,323.17,78.589,1
0.73518,0.6704,0.10041,0,-0.18662,0.057763,0.98073,0,0.65168,-0.73975,0.16757,0,-33.982,323.16,78.714,1
0.73501,0.67071,0.099529,0,-0.1852,0.057381,0.98102,0,0.65227,-0.7395,0.16639,0,-33.828,323.16,78.83,1
0.73486,0.671,0.098679,0,-0.18388,0.057065,0.98129,0,0.65282,-0.73925,0.16532,0,-33.682,323.17,78.938,1
0.73471,0.67129,0.097858,0,-0.18264,0.056815,0.98154,0,0.65333,-0.73902,0.16435,0,-33.542,323.18,79.037,1
0.73457,0.67156,0.097066,0,-0.1815,0.056631,0.98176,0,0.65381,-0.73879,0.16349,0,-33.409,323.19,79.127,1
0.73443,0.67181,0.096303,0,-0.18045,0.056513,0.98196,0,0.65425,-0.73856,0.16274,0,-33.283,323.21,79.209,1
0.73431,0.67205,0.095569,0,-0.1795,0.056461,0.98214,0,0.65465,-0.73835,0.16209,0,-33.165,323.23,79.282,1
0.73419,0.67228,0.094865,0,-0.17863,0.056473,0.98229,0,0.65502,-0.73814,0.16155,0,-33.054,323.26,79.347,1
0.73408,0.6725,0.094191,0,-0.17786,0.056551,0.98243,0,0.65535,-0.73794,0.16113,0,-32.95,323.29,79.404,1
0.73398,0.6727,0.093546,0,-0.17719,0.056694,0.98254,0,0.65565,-0.73774,0.1608,0,-32.853,323.33,79.452,1
0.73389,0.67288,0.092932,0,-0.1766,0.056901,0.98264,0,0.65591,-0.73756,0.16059,0,-32.764,323.37,79.492,1
0.7338,0.67305,0.092349,0,-0.17611,0.057173,0.98271,0,0.65614,-0.73738,0.16049,0,-32.681,323.41,79.523,1
0.73373,0.67321,0.091797,0,-0.17572,0.057509,0.98276,0,0.65633,-0.73721,0.16049,0,-32.606,323.46,79.547,1
0.73366,0.67335,0.091276,0,-0.17542,0.057909,0.98279,0,0.65648,-0.73705,0.1606,0,-32.538,323.51,79.562,1
0.73361,0.67348,0.090786,0,-0.17521,0.058374,0.9828,0,0.6566,-0.73689,0.16083,0,-32.477,323.57,79.569,1
0.73356,0.6736,0.090328,0,-0.1751,0.058903,0.98279,0,0.65668,-0.73675,0.16116,0,-32.424,323.63,79.569,1
0.73352,0.67369,0.089902,0,-0.17509,0.059495,0.98275,0,0.65673,-0.73661,0.1616,0,-32.377,323.69,79.56,1
0.73349,0.67378,0.089508,0,-0.17517,0.060152,0.9827,0,0.65674,-0.73648,0.16215,0,-32.337,323.76,79.544,1
0.73348,0.67384,0.089147,0,-0.17535,0.060872,0.98262,0,0.65671,-0.73636,0.16281,0,-32.305,323.83,79.521,1
0.73347,0.6739,0.088818,0,-0.17563,0.061656,0.98252,0,0.65664,-0.73625,0.16358,0,-32.279,323.91,79.489,1
0.73347,0.67393,0.088523,0,-0.176,0.062504,0.9824,0,0.65654,-0.73614,0.16446,0,-32.26,323.98,79.45,1
0.73348,0.67396,0.088261,0,-0.17647,0.063415,0.98226,0,0.6564,-0.73605,0.16544,0,-32.248,324.06,79.404,1
0.7335,0.67396,0.088032,0,-0.17703,0.06439,0.9821,0,0.65623,-0.73596,0.16654,0,-32.243,324.15,79.351,1
0.73354,0.67395,0.087838,0,-0.17769,0.065428,0.98191,0,0.65601,-0.73587,0.16775,0,-32.245,324.23,79.291,1
0.73358,0.67392,0.087678,0,-0.17845,0.066531,0.9817,0,0.65575,-0.7358,0.16907,0,-32.253,324.32,79.223,1
0.73364,0.67388,0.087552,0,-0.17931,0.067696,0.98146,0,0.65546,-0.73573,0.1705,0,-32.267,324.42,79.149,1
0.7337,0.67382,0.087462,0,-0.18027,0.068926,0.9812,0,0.65512,-0.73568,0.17204,0,-32.288,324.51,79.068,1
0.73378,0.67374,0.087406,0,-0.18132,0.070219,0.98091,0,0.65474,-0.73562,0.17369,0,-32.315,324.61,78.981,1
0.73387,0.67364,0.087386,0,-0.18247,0.071576,0.9806,0,0.65432,-0.73558,0.17545,0,-32.349,324.71,78.887,1
