-0.43255,-0.16138,0.88705,0,0.81465,0.3516,0.46121,0,-0.38632,0.92213,-0.020618,0,-181.14,357.8,284.59,1
-0.433,-0.16354,0.88643,0,0.81379,0.35197,0.46246,0,-0.38763,0.92161,-0.019318,0,-181.76,357.33,284.34,1
-0.43345,-0.16569,0.88582,0,0.81292,0.35235,0.46368,0,-0.38894,0.92108,-0.018036,0,-182.37,356.86,284.09,1
-0.43388,-0.16781,0.88521,0,0.81206,0.35274,0.46489,0,-0.39026,0.92055,-0.016776,0,-182.97,356.41,283.83,1
-0.43429,-0.1699,0.8846,0,0.81121,0.35314,0.46608,0,-0.39158,0.92001,-0.01554,0,-183.57,355.97,283.58,1
-0.43469,-0.17197,0.88401,0,0.81036,0.35355,0.46725,0,-0.3929,0.91947,-0.014332,0,-184.16,355.55,283.32,1
-0.43507,-0.17399,0.88342,0,0.80951,0.35398,0.46839,0,-0.39421,0.91893,-0.013155,0,-184.73,355.14,283.06,1
-0.43544,-0.17598,0.88285,0,0.80868,0.35441,0.46951,0,-0.39551,0.91838,-0.012012,0,-185.3,354.76,282.8,1
-0.43579,-0.17792,0.88229,0,0.80785,0.35485,0.47059,0,-0.39681,0.91784,-0.010905,0,-185.86,354.38,282.54,1
-0.43613,-0.17981,0.88174,0,0.80704,0.3553,0.47164,0,-0.39809,0.91729,-0.0098387,0,-186.4,354.03,282.28,1
-0.43645,-0.18165,0.8812,0,0.80624,0.35576,0.47266,0,-0.39936,0.91675,-0.0088154,0,-186.93,353.7,282.02,1
-0.43674,-0.18343,0.88069,0,0.80546,0.35623,0.47363,0,-0.4006,0.91622,-0.0078385,0,-187.44,353.4,281.77,1
-0.43702,-0.18514,0.88019,0,0.8047,0.35671,0.47457,0,-0.40183,0.91569,-0.0069114,0,-187.93,353.11,281.51,1
-0.43729,-0.18678,0.87971,0,0.80396,0.35719,0.47547,0,-0.40303,0.91516,-0.0060373,0,-188.41,352.85,281.26,1
-0.43753,-0.18834,0.87926,0,0.80323,0.35769,0.47631,0,-0.40421,0.91465,-0.0052196,0,-188.87,352.62,281.01,1
-0.43775,-0.18982,0.87883,0,0.80253,0.35819,0.47711,0,-0.40535,0.91415,-0.0044617,0,-189.3,352.42,280.76,1
-0.43795,-0.19121,0.87843,0,0.80186,0.3587,0.47786,0,-0.40646,0.91366,-0.0037669,0,-189.71,352.25,280.51,1
-0.43814,-0.19251,0.87805,0,0.80122,0.35921,0.47855,0,-0.40754,0.91318,-0.0031387,0,-190.1,352.11,280.27,1
-0.4383,-0.19372,0.87771,0,0.8006,0.35974,0.47919,0,-0.40857,0.91272,-0.0025804,0,-190.46,352,280.04,1
-0.43844,-0.19482,0.87739,0,0.80002,0.36026,0.47977,0,-0.40956,0.91228,-0.0020952,0,-190.79,351.93,279.81,1
-0.43855,-0.19581,0.87711,0,0.79947,0.3608,0.48028,0,-0.4105,0.91186,-0.0016862,0,-191.1,351.89,279.59,1
-0.43865,-0.19668,0.87687,0,0.79896,0.36133,0.48073,0,-0.41139,0.91146,-0.0013563,0,-191.37,351.89,279.37,1
-0.43872,-0.19744,0.87666,0,0.79849,0.36188,0.48111,0,-0.41224,0.91108,-0.0011085,0,-191.62,351.93,279.16,1
-0.43878,-0.19808,0.87649,0,0.79805,0.36243,0.48141,0,-0.41302,0.91072,-0.0009455,0,-191.83,352.01,278.96,1
-0.4388,-0.19859,0.87636,0,0.79766,0.36298,0.48165,0,-0.41375,0.91039,-0.00086997,0,-192.01,352.13,278.77,1
-0.43881,-0.19896,0.87628,0,0.79731,0.36353,0.48181,0,-0.41442,0.91009,-0.0008845,0,-192.15,352.29,278.58,1
-0.43879,-0.1992,0.87623,0,0.79701,0.36409,0.48189,0,-0.41502,0.90981,-0.00099155,0,-192.26,352.5,278.41,1
-0.43875,-0.1993,0.87623,0,0.79675,0.36465,0.48189,0,-0.41556,0.90957,-0.0011935,0,-192.32,352.75,278.24,1
-0.43868,-0.19926,0.87628,0,0.79654,0.36521,0.48181,0,-0.41603,0.90935,-0.0014926,0,-192.35,353.04,278.09,1
-0.43858,-0.19906,0.87637,0,0.79639,0.36577,0.48164,0,-0.41643,0.90917,-0.0018912,0,-192.34,353.39,277.94,1
-0.43846,-0.19872,0.87651,0,0.79628,0.36634,0.48139,0,-0.41675,0.90902,-0.0023911,0,-192.29,353.78,277.81,1
-0.43832,-0.19821,0.87669,0,0.79623,0.3669,0.48104,0,-0.41701,0.9089,-0.0029946,0,-192.2,354.21,277.68,1
-0.43814,-0.19755,0.87693,0,0.79623,0.36746,0.48061,0,-0.41718,0.90881,-0.0037034,0,-192.06,354.7,277.57,1
-0.43794,-0.19673,0.87721,0,0.79629,0.36802,0.48008,0,-0.41728,0.90877,-0.0045194,0,-191.88,355.24,277.47,1
-0.43771,-0.19574,0.87755,0,0.79641,0.36858,0.47945,0,-0.4173,0.90875,-0.0054444,0,-191.65,355.82,277.38,1
-0.43745,-0.19458,0.87794,0,0.79659,0.36914,0.47873,0,-0.41723,0.90878,-0.00648,0,-191.37,356.46,277.31,1
-0.43716,-0.19325,0.87838,0,0.79683,0.36969,0.47791,0,-0.41708,0.90884,-0.0076277,0,-191.05,357.15,277.25,1
-0.43684,-0.19174,0.87887,0,0.79713,0.37023,0.47699,0,-0.41685,0.90893,-0.0088891,0,-190.67,357.89,277.2,1
-0.43649,-0.19006,0.87941,0,0.79749,0.37077,0.47596,0,-0.41652,0.90907,-0.010266,0,-190.25,358.69,277.17,1
-0.4361,-0.1882,0.88,0,0.79792,0.37131,0.47483,0,-0.41611,0.90924,-0.011759,0,-189.78,359.53,277.15,1
-0.43567,-0.18616,0.88064,0,0.79841,0.37183,0.47359,0,-0.41561,0.90944,-0.013369,0,-189.25,360.44,277.14,1
-0.43522,-0.18393,0.88134,0,0.79897,0.37235,0.47224,0,-0.41502,0.90969,-0.015098,0,-188.67,361.39,277.15,1
-0.43472,-0.18151,0.88208,0,0.79959,0.37285,0.47079,0,-0.41434,0.90997,-0.016948,0,-188.03,362.4,277.17,1
-0.43418,-0.17891,0.88288,0,0.80028,0.37334,0.46922,0,-0.41356,0.91028,-0.018918,0,-187.34,363.47,277.21,1
-0.4336,-0.17612,0.88373,0,0.80105,0.37382,0.46753,0,-0.41269,0.91063,-0.02101,0,-186.59,364.58,277.26,1
-0.43298,-0.17313,0.88462,0,0.80188,0.37428,0.46573,0,-0.41173,0.91101,-0.023225,0,-185.78,365.76,277.32,1
-0.43232,-0.16996,0.88556,0,0.80278,0.37472,0.46382,0,-0.41067,0.91143,-0.025563,0,-184.92,366.99,277.4,1
-0.4316,-0.16658,0.88655,0,0.80375,0.37515,0.46179,0,-0.40952,0.91187,-0.028025,0,-183.99,368.27,277.49,1
-0.43084,-0.16302,0.88758,0,0.80479,0.37556,0.45963,0,-0.40827,0.91235,-0.030612,0,-183,369.6,277.6,1
-0.43003,-0.15925,0.88866,0,0.80591,0.37594,0.45736,0,-0.40692,0.91286,-0.033324,0,-181.95,371,277.73,1
-0.42917,-0.15529,0.88978,0,0.8071,0.3763,0.45496,0,-0.40548,0.91339,-0.036162,0,-180.84,372.44,277.86,1
-0.42825,-0.15113,0.89093,0,0.80836,0.37664,0.45244,0,-0.40394,0.91395,-0.039127,0,-179.66,373.94,278.02,1
-0.42727,-0.14677,0.89213,0,0.80969,0.37695,0.4498,0,-0.4023,0.91453,-0.042217,0,-178.41,375.49,278.18,1
-0.42623,-0.14221,0.89337,0,0.81109,0.37722,0.44703,0,-0.40057,0.91514,-0.045434,0,-177.1,377.1,278.36,1
-0.42513,-0.13746,0.89463,0,0.81257,0.37747,0.44413,0,-0.39875,0.91576,-0.048778,0,-175.72,378.76,278.56,1
-0.42396,-0.1325,0.89594,0,0.81412,0.37768,0.4411,0,-0.39682,0.91641,-0.052248,0,-174.28,380.47,278.76,1
-0.42272,-0.12735,0.89727,0,0.81574,0.37785,0.43794,0,-0.39481,0.91707,-0.055845,0,-172.76,382.23,278.99,1
-0.42142,-0.122,0.89862,0,0.81743,0.37799,0.43466,0,-0.3927,0.91774,-0.059568,0,-171.17,384.04,279.22,1
-0.42003,-0.11645,0.90001,0,0.8192,0.37809,0.43124,0,-0.3905,0.91842,-0.063417,0,-169.51,385.9,279.47,1
-0.41857,-0.1107,0.90141,0,0.82103,0.37814,0.42769,0,-0.3882,0.91911,-0.067392,0,-167.78,387.81,279.73,1
-0.41703,-0.10476,0.90283,0,0.82294,0.37814,0.42401,0,-0.38582,0.9198,-0.071492,0,-165.97,389.77,280,1
-0.41541,-0.098618,0.90427,0,0.82491,0.3781,0.42019,0,-0.38335,0.9205,-0.075716,0,-164.09,391.77,280.28,1
-0.4137,-0.092286,0.90572,0,0.82696,0.37801,0.41624,0,-0.38078,0.92119,-0.080065,0,-162.13,393.82,280.58,1
-0.4119,-0.085763,0.90719,0,0.82907,0.37786,0.41215,0,-0.37814,0.92188,-0.084537,0,-160.09,395.92,280.88,1
-0.41,-0.07905,0.90865,0,0.83125,0.37766,0.40793,0,-0.37541,0.92256,-0.089131,0,-157.98,398.06,281.2,1
-0.40801,-0.072149,0.91012,0,0.83349,0.3774,0.40357,0,-0.37259,0.92324,-0.093846,0,-155.79,400.24,281.52,1
-0.40592,-0.065063,0.91159,0,0.8358,0.37707,0.39908,0,-0.3697,0.9239,-0.098681,0,-153.52,402.46,281.86,1
-0.40372,-0.057793,0.91306,0,0.83816,0.37668,0.39445,0,-0.36673,0.92454,-0.10363,0,-151.17,404.72,282.2,1
-0.40141,-0.050343,0.91451,0,0.8406,0.37623,0.38968,0,-0.36368,0.92516,-0.10871,0,-148.74,407.02,282.55,1
-0.399,-0.042716,0.91596,0,0.84308,0.37571,0.38478,0,-0.36057,0.92575,-0.11389,0,-146.22,409.36,282.91,1
-0.39647,-0.034915,0.91738,0,0.84563,0.37511,0.37974,0,-0.35738,0.92632,-0.11919,0,-143.62,411.73,283.28,1
-0.39382,-0.026943,0.91879,0,0.84823,0.37444,0.37456,0,-0.35412,0.92686,-0.12461,0,-140.94,414.13,283.65,1
-0.39105,-0.018804,0.92018,0,0.85089,0.37369,0.36925,0,-0.3508,0.92736,-0.13013,0,-138.18,416.57,284.03,1
-0.38816,-0.010502,0.92153,0,0.8536,0.37286,0.3638,0,-0.34742,0.92783,-0.13576,0,-135.33,419.03,284.42,1
-0.38514,-0.0020417,0.92286,0,0.85636,0.37194,0.35821,0,-0.34398,0.92825,-0.1415,0,-132.4,421.53,284.8,1
-0.38199,0.0065736,0.92414,0,0.85916,0.37094,0.35249,0,-0.34049,0.92863,-0.14734,0,-129.37,424.05,285.2,1
-0.37871,0.015339,0.92539,0,0.862,0.36985,0.34664,0,-0.33694,0.92896,-0.15329,0,-126.27,426.59,285.59,1
-0.37528,0.024249,0.92659,0,0.86489,0.36867,0.34065,0,-0.33335,0.92924,-0.15933,0,-123.07,429.15,285.99,1
-0.37172,0.033299,0.92775,0,0.86782,0.3674,0.33452,0,-0.32972,0.92947,-0.16547,0,-119.79,431.73,286.39,1
-0.36802,0.042483,0.92885,0,0.87078,0.36603,0.32827,0,-0.32604,0.92963,-0.1717,0,-116.43,434.33,286.78,1
-0.36417,0.051796,0.92989,0,0.87377,0.36456,0.32189,0,-0.32233,0.92974,-0.17802,0,-112.97,436.95,287.18,1
-0.36017,0.061233,0.93087,0,0.8768,0.363,0.31537,0,-0.31859,0.92978,-0.18443,0,-109.43,439.58,287.58,1
-0.35602,0.070786,0.93179,0,0.87985,0.36133,0.30873,0,-0.31483,0.92975,-0.19092,0,-105.8,442.21,287.98,1
-0.35172,0.08045,0.93264,0,0.88292,0.35955,0.30196,0,-0.31104,0.92965,-0.19749,0,-102.08,444.86,288.37,1
-0.34727,0.090218,0.93342,0,0.88601,0.35767,0.29506,0,-0.30723,0.92948,-0.20414,0,-98.275,447.51,288.76,1
-0.34265,0.10008,0.93412,0,0.88912,0.35568,0.28804,0,-0.30342,0.92923,-0.21086,0,-94.382,450.16,289.15,1
-0.33788,0.11004,0.93473,0,0.89223,0.35358,0.2809,0,-0.29959,0.92891,-0.21765,0,-90.401,452.81,289.53,1
-0.33295,0.12008,0.93527,0,0.89536,0.35136,0.27363,0,-0.29576,0.92851,-0.2245,0,-86.334,455.46,289.9,1
-0.32786,0.1302,0.93571,0,0.89849,0.34903,0.26625,0,-0.29193,0.92802,-0.23142,0,-82.181,458.11,290.27,1
-0.32261,0.14038,0.93606,0,0.90162,0.34659,0.25876,0,-0.28811,0.92745,-0.23839,0,-77.942,460.74,290.63,1
-0.31719,0.15063,0.93632,0,0.90475,0.34403,0.25115,0,-0.2843,0.9268,-0.24541,0,-73.617,463.37,290.99,1
-0.31161,0.16093,0.93648,0,0.90786,0.34136,0.24343,0,-0.2805,0.92605,-0.25247,0,-69.209,465.98,291.33,1
-0.30587,0.17128,0.93654,0,0.91097,0.33856,0.2356,0,-0.27673,0.92522,-0.25958,0,-64.717,468.58,291.67,1
-0.29996,0.18166,0.9365,0,0.91406,0.33565,0.22766,0,-0.27298,0.9243,-0.26673,0,-60.142,471.15,291.99,1
-0.29389,0.19207,0.93634,0,0.91713,0.33262,0.21963,0,-0.26926,0.92329,-0.27391,0,-55.486,473.71,292.3,1
-0.28765,0.20251,0.93608,0,0.92017,0.32947,0.21149,0,-0.26558,0.92219,-0.28112,0,-50.75,476.24,292.61,1
-0.28126,0.21295,0.93571,0,0.92319,0.3262,0.20326,0,-0.26194,0.921,-0.28834,0,-45.936,478.74,292.89,1
-0.2747,0.22341,0.93522,0,0.92617,0.32281,0.19493,0,-0.25835,0.91972,-0.29559,0,-41.043,481.21,293.17,1
-0.26798,0.23385,0.93461,0,0.92912,0.3193,0.18652,0,-0.25481,0.91835,-0.30284,0,-36.075,483.65,293.43,1
-0.26111,0.24429,0.93389,0,0.93202,0.31567,0.17801,0,-0.25132,0.91688,-0.31011,0,-31.033,486.05,293.68,1
-0.25408,0.2547,0.93304,0,0.93488,0.31193,0.16943,0,-0.24789,0.91533,-0.31737,0,-25.919,488.42,293.91,1
-0.2469,0.26508,0.93208,0,0.93768,0.30807,0.16077,0,-0.24453,0.91369,-0.32463,0,-20.734,490.74,294.13,1
-0.23956,0.27543,0.93099,0,0.94043,0.30409,0.15203,0,-0.24123,0.91196,-0.33187,0,-15.481,493.02,294.33,1
-0.23208,0.28573,0.92978,0,0.94313,0.3,0.14322,0,-0.23801,0.91014,-0.3391,0,-10.162,495.25,294.51,1
-0.22446,0.29597,0.92845,0,0.94576,0.29579,0.13435,0,-0.23486,0.90824,-0.34631,0,-4.7794,497.43,294.68,1
-0.21669,0.30615,0.92699,0,0.94832,0.29148,0.12542,0,-0.2318,0.90626,-0.35349,0,0.6644,499.56,294.83,1
-0.20879,0.31626,0.92541,0,0.95081,0.28705,0.11642,0,-0.22882,0.9042,-0.36064,0,6.167,501.64,294.96,1
-0.20076,0.32628,0.92371,0,0.95323,0.28252,0.10738,0,-0.22593,0.90206,-0.36774,0,11.726,503.66,295.08,1
-0.19259,0.33622,0.92188,0,0.95557,0.27788,0.098283,0,-0.22313,0.89985,-0.37481,0,17.338,505.62,295.17,1
-0.1843,0.34607,0.91993,0,0.95783,0.27315,0.089144,0,-0.22042,0.89757,-0.38182,0,23.001,507.51,295.25,1
-0.1759,0.35581,0.91786,0,0.96001,0.26831,0.079964,0,-0.21782,0.89521,-0.38878,0,28.712,509.35,295.31,1
-0.16738,0.36544,0.91566,0,0.9621,0.26338,0.070749,0,-0.21531,0.8928,-0.39568,0,34.469,511.12,295.35,1
-0.15874,0.37496,0.91335,0,0.96409,0.25835,0.061501,0,-0.2129,0.89031,-0.40251,0,40.269,512.82,295.37,1
-0.15001,0.38436,0.91092,0,0.96599,0.25323,0.052226,0,-0.2106,0.88777,-0.40927,0,46.108,514.45,295.37,1
-0.14117,0.39362,0.90837,0,0.9678,0.24803,0.042927,0,-0.20841,0.88518,-0.41596,0,51.985,516.01,295.36,1
-0.13224,0.40276,0.9057,0,0.96951,0.24274,0.033608,0,-0.20632,0.88253,-0.42258,0,57.896,517.5,295.32,1
-0.12322,0.41175,0.90293,0,0.97111,0.23738,0.024274,0,-0.20434,0.87984,-0.4291,0,63.839,518.91,295.27,1
-0.11411,0.4206,0.90004,0,0.97262,0.23193,0.014928,0,-0.20247,0.8771,-0.43555,0,69.81,520.25,295.19,1
-0.10493,0.4293,0.89705,0,0.97401,0.22642,0.0055741,0,-0.20071,0.87432,-0.4419,0,75.807,521.51,295.1,1
-0.095669,0.43784,0.89395,0,0.9753,0.22083,-0.0037836,0,-0.19907,0.87151,-0.44816,0,81.827,522.69,294.99,1
-0.086344,0.44623,0.89074,0,0.97649,0.21518,-0.013141,0,-0.19753,0.86867,-0.45431,0,87.867,523.79,294.86,1
-0.076956,0.45445,0.88744,0,0.97756,0.20947,-0.022496,0,-0.19611,0.86579,-0.46037,0,93.924,524.82,294.71,1
-0.067511,0.46251,0.88404,0,0.97852,0.2037,-0.031843,0,-0.1948,0.8629,-0.46632,0,99.995,525.76,294.54,1
-0.058016,0.4704,0.88055,0,0.97936,0.19787,-0.041179,0,-0.19361,0.85998,-0.47217,0,106.08,526.62,294.36,1
-0.048475,0.47811,0.87696,0,0.98009,0.192,-0.0505,0,-0.19252,0.85706,-0.4779,0,112.17,527.4,294.16,1
-0.038894,0.48565,0.87329,0,0.98071,0.18608,-0.059804,0,-0.19155,0.85412,-0.48352,0,118.26,528.1,293.94,1
-0.029278,0.49301,0.86953,0,0.98122,0.18012,-0.069087,0,-0.19068,0.85117,-0.48902,0,124.36,528.71,293.71,1
-0.019634,0.50019,0.86569,0,0.9816,0.17412,-0.078345,0,-0.18992,0.84823,-0.49441,0,130.46,529.24,293.45,1
-0.0099656,0.50719,0.86178,0,0.98187,0.16809,-0.087576,0,-0.18928,0.84528,-0.49967,0,136.56,529.68,293.19,1
-0.00027933,0.51401,0.85779,0,0.98203,0.16203,-0.096775,0,-0.18873,0.84234,-0.50482,0,142.65,530.05,292.9,1
0.0094198,0.52064,0.85373,0,0.98207,0.15595,-0.10594,0,-0.1883,0.83941,-0.50983,0,148.73,530.32,292.61,1
0.019127,0.52708,0.8496,0,0.98199,0.14985,-0.11507,0,-0.18796,0.8365,-0.51472,0,154.8,530.52,292.3,1
0.028836,0.53334,0.84541,0,0.9818,0.14373,-0.12416,0,-0.18772,0.8336,-0.51948,0,160.86,530.63,291.97,1
0.038542,0.5394,0.84116,0,0.98149,0.13759,-0.1332,0,-0.18759,0.83073,-0.52412,0,166.9,530.66,291.63,1
0.048241,0.54528,0.83686,0,0.98107,0.13145,-0.14221,0,-0.18755,0.82788,-0.52862,0,172.92,530.6,291.28,1
0.057928,0.55097,0.83251,0,0.98054,0.12531,-0.15116,0,-0.1876,0.82506,-0.53299,0,178.92,530.46,290.91,1
0.067597,0.55648,0.82811,0,0.97989,0.11916,-0.16006,0,-0.18775,0.82227,-0.53723,0,184.9,530.24,290.54,1
0.077245,0.56179,0.82367,0,0.97913,0.11302,-0.16891,0,-0.18798,0.81952,-0.54134,0,190.85,529.94,290.15,1
0.086866,0.56692,0.81918,0,0.97826,0.10688,-0.1777,0,-0.1883,0.81681,-0.54531,0,196.77,529.56,289.75,1
0.096457,0.57185,0.81466,0,0.97729,0.10076,-0.18644,0,-0.1887,0.81414,-0.54915,0,202.66,529.1,289.34,1
0.10601,0.57661,0.81011,0,0.9762,0.094652,-0.19512,0,-0.18918,0.81152,-0.55285,0,208.51,528.56,288.92,1
0.11553,0.58117,0.80554,0,0.97501,0.088563,-0.20373,0,-0.18974,0.80895,-0.55642,0,214.33,527.94,288.49,1
0.125,0.58556,0.80093,0,0.97372,0.082496,-0.21228,0,-0.19038,0.80642,-0.55986,0,220.11,527.25,288.06,1
0.13443,0.58976,0.79631,0,0.97233,0.076454,-0.22077,0,-0.19108,0.80395,-0.56316,0,225.86,526.47,287.61,1
0.14381,0.59378,0.79167,0,0.97083,0.070442,-0.22918,0,-0.19185,0.80154,-0.56633,0,231.55,525.63,287.16,1
0.15313,0.59762,0.78702,0,0.96924,0.064463,-0.23753,0,-0.19269,0.79918,-0.56936,0,237.21,524.71,286.7,1
0.16239,0.60128,0.78236,0,0.96755,0.058519,-0.24581,0,-0.19358,0.79689,-0.57227,0,242.82,523.72,286.24,1
0.1716,0.60477,0.77769,0,0.96577,0.052614,-0.25401,0,-0.19454,0.79466,-0.57504,0,248.38,522.66,285.77,1
0.18074,0.60809,0.77302,0,0.9639,0.046751,-0.26214,0,-0.19555,0.79249,-0.57768,0,253.89,521.53,285.3,1
0.18981,0.61123,0.76835,0,0.96193,0.040933,-0.2702,0,-0.1966,0.79039,-0.58019,0,259.35,520.33,284.82,1
0.19882,0.6142,0.76369,0,0.95989,0.035162,-0.27818,0,-0.19771,0.78836,-0.58258,0,264.75,519.07,284.34,1
0.20775,0.61701,0.75903,0,0.95775,0.029442,-0.28608,0,-0.19886,0.7864,-0.58483,0,270.11,517.74,283.85,1
0.21661,0.61966,0.75439,0,0.95554,0.023774,-0.2939,0,-0.20005,0.78451,-0.58696,0,275.4,516.34,283.36,1
0.22539,0.62214,0.74976,0,0.95325,0.018162,-0.30164,0,-0.20128,0.78269,-0.58896,0,280.64,514.89,282.87,1
0.2341,0.62447,0.74514,0,0.95088,0.012607,-0.3093,0,-0.20254,0.78095,-0.59084,0,285.82,513.38,282.38,1
0.24272,0.62664,0.74055,0,0.94844,0.0071122,-0.31688,0,-0.20384,0.77928,-0.5926,0,290.94,511.81,281.89,1
0.25126,0.62866,0.73597,0,0.94593,0.0016793,-0.32438,0,-0.20516,0.77768,-0.59424,0,295.99,510.18,281.4,1
0.25972,0.63052,0.73143,0,0.94335,-0.0036896,-0.33179,0,-0.2065,0.77616,-0.59576,0,300.99,508.5,280.9,1
0.26809,0.63224,0.72691,0,0.9407,-0.0089927,-0.33912,0,-0.20787,0.77472,-0.59716,0,305.92,506.76,280.41,1
0.27637,0.63382,0.72242,0,0.93799,-0.014228,-0.34636,0,-0.20925,0.77335,-0.59845,0,310.79,504.97,279.92,1
0.28457,0.63526,0.71796,0,0.93523,-0.019395,-0.35352,0,-0.21065,0.77206,-0.59963,0,315.59,503.14,279.43,1
0.29267,0.63655,0.71354,0,0.9324,-0.02449,-0.3606,0,-0.21206,0.77084,-0.60069,0,320.33,501.25,278.94,1
0.30069,0.63772,0.70916,0,0.92952,-0.029513,-0.36759,0,-0.21349,0.76971,-0.60165,0,325,499.33,278.46,1
0.30861,0.63875,0.70481,0,0.92659,-0.034463,-0.37449,0,-0.21491,0.76864,-0.60249,0,329.6,497.35,277.97,1
0.31645,0.63965,0.70051,0,0.92361,-0.039339,-0.38131,0,-0.21635,0.76766,-0.60323,0,334.13,495.34,277.49,1
0.32418,0.64042,0.69625,0,0.92059,-0.044138,-0.38804,0,-0.21778,0.76675,-0.60387,0,338.6,493.29,277.02,1
0.33183,0.64108,0.69203,0,0.91752,-0.048861,-0.39469,0,-0.21921,0.76592,-0.60441,0,343,491.2,276.54,1
0.33938,0.64161,0.68786,0,0.91441,-0.053506,-0.40125,0,-0.22064,0.76516,-0.60485,0,347.33,489.07,276.07,1
0.34684,0.64203,0.68374,0,0.91126,-0.058073,-0.40772,0,-0.22206,0.76448,-0.60519,0,351.58,486.91,275.61,1
0.3542,0.64233,0.67967,0,0.90808,-0.062561,-0.41411,0,-0.22347,0.76387,-0.60544,0,355.77,484.71,275.15,1
0.36147,0.64252,0.67565,0,0.90486,-0.06697,-0.42041,0,-0.22488,0.76334,-0.6056,0,359.89,482.49,274.69,1
0.36865,0.64261,0.67168,0,0.90161,-0.071299,-0.42663,0,-0.22627,0.76287,-0.60566,0,363.94,480.23,274.24,1
0.37573,0.64259,0.66777,0,0.89834,-0.075547,-0.43276,0,-0.22764,0.76248,-0.60564,0,367.92,477.95,273.79,1
0.38272,0.64246,0.6639,0,0.89504,-0.079715,-0.43881,0,-0.229,0.76216,-0.60554,0,371.83,475.65,273.35,1
0.38961,0.64224,0.6601,0,0.89171,-0.083802,-0.44478,0,-0.23034,0.76191,-0.60535,0,375.67,473.32,272.92,1
0.39641,0.64193,0.65635,0,0.88836,-0.087809,-0.45066,0,-0.23166,0.76172,-0.60507,0,379.44,470.97,272.49,1
0.40312,0.64152,0.65265,0,0.885,-0.091735,-0.45646,0,-0.23296,0.7616,-0.60472,0,383.14,468.6,272.06,1
0.40974,0.64102,0.64901,0,0.88162,-0.09558,-0.46218,0,-0.23423,0.76155,-0.60429,0,386.78,466.21,271.64,1
0.41626,0.64043,0.64543,0,0.87822,-0.099345,-0.46782,0,-0.23549,0.76156,-0.60379,0,390.34,463.8,271.23,1
0.42269,0.63976,0.6419,0,0.87481,-0.10303,-0.47338,0,-0.23671,0.76164,-0.60322,0,393.84,461.38,270.82,1
0.42904,0.639,0.63844,0,0.87139,-0.10663,-0.47886,0,-0.23791,0.76178,-0.60257,0,397.27,458.95,270.42,1
0.43529,0.63817,0.63503,0,0.86796,-0.11016,-0.48426,0,-0.23908,0.76197,-0.60186,0,400.63,456.51,270.02,1
0.44146,0.63726,0.63168,0,0.86453,-0.11361,-0.48958,0,-0.24023,0.76223,-0.60108,0,403.93,454.05,269.63,1
0.44754,0.63628,0.62838,0,0.86108,-0.11697,-0.49482,0,-0.24134,0.76254,-0.60024,0,407.16,451.59,269.25,1
0.45353,0.63522,0.62515,0,0.85764,-0.12026,-0.49999,0,-0.24242,0.76291,-0.59933,0,410.33,449.12,268.87,1
0.45944,0.6341,0.62197,0,0.85419,-0.12348,-0.50509,0,-0.24348,0.76333,-0.59837,0,413.43,446.65,268.49,1
0.46526,0.6329,0.61884,0,0.85074,-0.12661,-0.51011,0,-0.2445,0.76381,-0.59734,0,416.47,444.17,268.12,1
0.471,0.63165,0.61578,0,0.84729,-0.12967,-0.51506,0,-0.24549,0.76433,-0.59626,0,419.45,441.69,267.75,1
0.47666,0.63033,0.61277,0,0.84384,-0.13266,-0.51994,0,-0.24645,0.76491,-0.59513,0,422.37,439.21,267.39,1
0.48223,0.62895,0.60981,0,0.84039,-0.13557,-0.52475,0,-0.24737,0.76553,-0.59394,0,425.22,436.73,267.03,1
0.48773,0.62752,0.60691,0,0.83695,-0.13841,-0.52949,0,-0.24826,0.7662,-0.59271,0,428.02,434.25,266.68,1
0.49315,0.62603,0.60406,0,0.83351,-0.14117,-0.53416,0,-0.24912,0.76691,-0.59142,0,430.76,431.77,266.33,1
0.49849,0.62449,0.60127,0,0.83008,-0.14387,-0.53877,0,-0.24995,0.76767,-0.59009,0,433.45,429.3,265.98,1
0.50376,0.62289,0.59852,0,0.82665,-0.14649,-0.54331,0,-0.25075,0.76847,-0.58871,0,436.08,426.83,265.63,1
0.50895,0.62125,0.59583,0,0.82323,-0.14905,-0.54779,0,-0.25151,0.7693,-0.58729,0,438.65,424.36,265.29,1
0.51407,0.61956,0.59319,0,0.81982,-0.15153,-0.55221,0,-0.25224,0.77018,-0.58583,0,441.17,421.91,264.95,1
0.51912,0.61783,0.59059,0,0.81642,-0.15395,-0.55656,0,-0.25294,0.77109,-0.58433,0,443.64,419.46,264.61,1
0.5241,0.61605,0.58804,0,0.81302,-0.15631,-0.56086,0,-0.25361,0.77204,-0.58279,0,446.06,417.02,264.27,1
0.52901,0.61424,0.58554,0,0.80964,-0.15859,-0.5651,0,-0.25424,0.77302,-0.58121,0,448.43,414.6,263.93,1
0.53385,0.61238,0.58309,0,0.80626,-0.16082,-0.56928,0,-0.25485,0.77403,-0.57959,0,450.75,412.18,263.59,1
0.53863,0.61049,0.58068,0,0.8029,-0.16298,-0.57341,0,-0.25542,0.77508,-0.57794,0,453.03,409.77,263.25,1
0.54333,0.60856,0.57831,0,0.79954,-0.16508,-0.57748,0,-0.25596,0.77615,-0.57626,0,455.25,407.38,262.92,1
0.54798,0.6066,0.57598,0,0.7962,-0.16711,-0.58149,0,-0.25648,0.77725,-0.57455,0,457.44,405.01,262.58,1
0.55256,0.6046,0.5737,0,0.79287,-0.16909,-0.58546,0,-0.25696,0.77837,-0.57281,0,459.57,402.64,262.24,1
0.55708,0.60258,0.57146,0,0.78956,-0.17101,-0.58937,0,-0.25742,0.77952,-0.57104,0,461.67,400.3,261.9,1
0.56153,0.60052,0.56925,0,0.78626,-0.17287,-0.59323,0,-0.25784,0.7807,-0.56924,0,463.72,397.97,261.55,1
0.56593,0.59844,0.56709,0,0.78297,-0.17467,-0.59704,0,-0.25824,0.78189,-0.56741,0,465.73,395.65,261.21,1
0.57027,0.59634,0.56496,0,0.77969,-0.17642,-0.6008,0,-0.25861,0.78311,-0.56556,0,467.7,393.36,260.86,1
0.57454,0.5942,0.56287,0,0.77643,-0.17811,-0.60451,0,-0.25895,0.78435,-0.56369,0,469.64,391.08,260.51,1
0.57876,0.59205,0.56081,0,0.77319,-0.17975,-0.60817,0,-0.25926,0.7856,-0.5618,0,471.53,388.82,260.16,1
0.58292,0.58988,0.55879,0,0.76996,-0.18133,-0.61179,0,-0.25955,0.78687,-0.55988,0,473.39,386.59,259.8,1
0.58703,0.58768,0.5568,0,0.76674,-0.18287,-0.61536,0,-0.25981,0.78816,-0.55795,0,475.21,384.37,259.44,1
0.59108,0.58547,0.55485,0,0.76355,-0.18435,-0.61888,0,-0.26005,0.78946,-0.556,0,476.99,382.18,259.08,1
0.59507,0.58324,0.55292,0,0.76037,-0.18578,-0.62236,0,-0.26026,0.79077,-0.55403,0,478.74,380,258.71,1
0.59901,0.58099,0.55103,0,0.7572,-0.18717,-0.62579,0,-0.26044,0.7921,-0.55204,0,480.46,377.86,258.34,1
0.6029,0.57873,0.54917,0,0.75406,-0.1885,-0.62918,0,-0.2606,0.79344,-0.55004,0,482.14,375.73,257.97,1
0.60673,0.57646,0.54734,0,0.75093,-0.18979,-0.63252,0,-0.26074,0.79478,-0.54803,0,483.79,373.63,257.59,1
0.61051,0.57417,0.54553,0,0.74782,-0.19104,-0.63582,0,-0.26085,0.79614,-0.546,0,485.41,371.55,257.21,1
0.61424,0.57187,0.54376,0,0.74473,-0.19224,-0.63908,0,-0.26094,0.7975,-0.54397,0,487,369.5,256.82,1
0.61791,0.56957,0.54201,0,0.74166,-0.19339,-0.6423,0,-0.26101,0.79887,-0.54192,0,488.56,367.48,256.43,1
0.62154,0.56726,0.54029,0,0.73861,-0.1945,-0.64547,0,-0.26106,0.80024,-0.53987,0,490.09,365.48,256.03,1
0.62511,0.56494,0.53859,0,0.73557,-0.19558,-0.6486,0,-0.26108,0.80162,-0.53781,0,491.59,363.51,255.63,1
0.62864,0.56261,0.53692,0,0.73256,-0.19661,-0.65169,0,-0.26109,0.803,-0.53574,0,493.06,361.56,255.22,1
0.63211,0.56029,0.53527,0,0.72957,-0.1976,-0.65474,0,-0.26107,0.80438,-0.53367,0,494.5,359.65,254.81,1
0.63554,0.55796,0.53365,0,0.7266,-0.19855,-0.65774,0,-0.26104,0.80577,-0.5316,0,495.92,357.76,254.39,1
0.63891,0.55562,0.53204,0,0.72366,-0.19946,-0.66071,0,-0.26098,0.80715,-0.52952,0,497.31,355.9,253.97,1
0.64224,0.55329,0.53047,0,0.72073,-0.20034,-0.66363,0,-0.26091,0.80854,-0.52744,0,498.68,354.08,253.54,1
0.64552,0.55096,0.52891,0,0.71783,-0.20118,-0.66652,0,-0.26082,0.80992,-0.52536,0,500.02,352.28,253.11,1
0.64875,0.54863,0.52738,0,0.71495,-0.20199,-0.66936,0,-0.26071,0.8113,-0.52329,0,501.34,350.51,252.67,1
0.65193,0.54631,0.52587,0,0.7121,-0.20276,-0.67216,0,-0.26058,0.81267,-0.52121,0,502.63,348.78,252.23,1
0.65506,0.54399,0.52438,0,0.70927,-0.2035,-0.67492,0,-0.26044,0.81404,-0.51914,0,503.9,347.08,251.78,1
0.65815,0.54167,0.52291,0,0.70647,-0.20421,-0.67765,0,-0.26028,0.81541,-0.51708,0,505.14,345.41,251.33,1
0.66119,0.53936,0.52146,0,0.70369,-0.20489,-0.68033,0,-0.2601,0.81677,-0.51501,0,506.36,343.77,250.87,1
0.66418,0.53706,0.52003,0,0.70094,-0.20554,-0.68297,0,-0.25991,0.81812,-0.51296,0,507.56,342.17,250.41,1
0.66712,0.53477,0.51862,0,0.69821,-0.20616,-0.68557,0,-0.25971,0.81946,-0.51092,0,508.74,340.6,249.94,1
0.67002,0.5325,0.51723,0,0.69551,-0.20675,-0.68813,0,-0.25949,0.82079,-0.50888,0,509.89,339.06,249.47,1
0.67287,0.53023,0.51586,0,0.69285,-0.20731,-0.69064,0,-0.25926,0.82212,-0.50686,0,511.03,337.56,248.99,1
0.67567,0.52797,0.5145,0,0.69021,-0.20785,-0.69312,0,-0.25901,0.82343,-0.50485,0,512.14,336.1,248.51,1
0.67842,0.52573,0.51317,0,0.6876,-0.20836,-0.69556,0,-0.25875,0.82474,-0.50285,0,513.23,334.67,248.03,1
0.68113,0.52351,0.51186,0,0.68502,-0.20885,-0.69795,0,-0.25848,0.82603,-0.50086,0,514.3,333.28,247.54,1
0.68379,0.5213,0.51057,0,0.68247,-0.20931,-0.7003,0,-0.2582,0.82731,-0.4989,0,515.35,331.92,247.04,1
0.6864,0.51911,0.50929,0,0.67996,-0.20975,-0.70261,0,-0.25791,0.82857,-0.49695,0,516.38,330.61,246.55,1
0.68896,0.51694,0.50804,0,0.67748,-0.21017,-0.70488,0,-0.25761,0.82982,-0.49501,0,517.39,329.33,246.05,1
0.69147,0.51479,0.50681,0,0.67503,-0.21057,-0.70711,0,-0.25729,0.83106,-0.4931,0,518.38,328.09,245.55,1
0.69394,0.51266,0.50559,0,0.67262,-0.21095,-0.70929,0,-0.25697,0.83227,-0.49121,0,519.34,326.89,245.04,1
0.69636,0.51055,0.5044,0,0.67024,-0.2113,-0.71143,0,-0.25664,0.83348,-0.48934,0,520.29,325.72,244.54,1
0.69873,0.50847,0.50323,0,0.6679,-0.21165,-0.71352,0,-0.2563,0.83466,-0.48749,0,521.22,324.6,244.03,1
0.70104,0.50641,0.50208,0,0.6656,-0.21197,-0.71557,0,-0.25595,0.83583,-0.48567,0,522.13,323.52,243.52,1
0.70331,0.50438,0.50095,0,0.66334,-0.21228,-0.71758,0,-0.25559,0.83698,-0.48387,0,523.01,322.48,243,1
0.70553,0.50238,0.49984,0,0.66112,-0.21257,-0.71954,0,-0.25523,0.83811,-0.4821,0,523.88,321.48,242.49,1
0.7077,0.5004,0.49876,0,0.65894,-0.21284,-0.72145,0,-0.25486,0.83923,-0.48036,0,524.72,320.52,241.98,1
0.70982,0.49845,0.49769,0,0.6568,-0.21311,-0.72332,0,-0.25448,0.84032,-0.47865,0,525.55,319.61,241.47,1
0.71189,0.49654,0.49665,0,0.65471,-0.21335,-0.72514,0,-0.2541,0.84139,-0.47697,0,526.35,318.74,240.95,1
0.71391,0.49465,0.49564,0,0.65267,-0.21359,-0.72692,0,-0.25371,0.84244,-0.47532,0,527.14,317.91,240.44,1
0.71587,0.4928,0.49465,0,0.65066,-0.21381,-0.72864,0,-0.25331,0.84346,-0.47371,0,527.9,317.12,239.93,1
0.71778,0.49098,0.49369,0,0.64871,-0.21403,-0.73032,0,-0.25291,0.84447,-0.47213,0,528.64,316.39,239.42,1
0.71964,0.4892,0.49275,0,0.64681,-0.21423,-0.73195,0,-0.25251,0.84545,-0.47059,0,529.36,315.69,238.92,1
0.72144,0.48746,0.49184,0,0.64496,-0.21442,-0.73352,0,-0.2521,0.84641,-0.46908,0,530.06,315.04,238.41,1
0.72319,0.48575,0.49096,0,0.64316,-0.21461,-0.73505,0,-0.25169,0.84734,-0.46761,0,530.73,314.44,237.92,1
0.72488,0.48408,0.49011,0,0.64141,-0.21478,-0.73652,0,-0.25127,0.84825,-0.46619,0,531.38,313.88,237.42,1
0.72652,0.48245,0.48929,0,0.63972,-0.21495,-0.73794,0,-0.25085,0.84914,-0.4648,0,532.01,313.37,236.93,1
0.7281,0.48087,0.4885,0,0.63808,-0.21511,-0.73931,0,-0.25043,0.85,-0.46345,0,532.62,312.91,236.44,1
0.72963,0.47932,0.48775,0,0.63651,-0.21526,-0.74062,0,-0.25,0.85083,-0.46215,0,533.2,312.5,235.97,1
0.73109,0.47782,0.48702,0,0.63499,-0.21541,-0.74188,0,-0.24957,0.85164,-0.4609,0,533.75,312.13,235.49,1
0.7325,0.47636,0.48634,0,0.63354,-0.21555,-0.74308,0,-0.24914,0.85242,-0.45969,0,534.29,311.81,235.03,1
0.73385,0.47495,0.48569,0,0.63215,-0.21569,-0.74422,0,-0.24871,0.85317,-0.45852,0,534.79,311.55,234.57,1
0.73513,0.47358,0.48508,0,0.63083,-0.21582,-0.74531,0,-0.24828,0.8539,-0.45741,0,535.27,311.33,234.12,1
0.73635,0.47227,0.48451,0,0.62957,-0.21595,-0.74633,0,-0.24784,0.85459,-0.45634,0,535.72,311.16,233.68,1
