-0.60232,0.069654,0.79521,0,0.7296,0.45221,0.51302,0,-0.32387,0.88919,-0.32319,0,-206.62,373.28,182.37,1
-0.60309,0.070119,0.79458,0,0.72941,0.45167,0.51377,0,-0.32287,0.88943,-0.32354,0,-206.55,373.37,182.31,1
-0.60384,0.070514,0.79398,0,0.72922,0.45112,0.51452,0,-0.3219,0.88967,-0.32383,0,-206.48,373.43,182.25,1
-0.60455,0.070831,0.79341,0,0.72903,0.45057,0.51527,0,-0.32099,0.88993,-0.32403,0,-206.39,373.48,182.2,1
-0.60523,0.071065,0.79287,0,0.72884,0.45001,0.51602,0,-0.32013,0.89019,-0.32416,0,-206.29,373.51,182.16,1
-0.60588,0.071206,0.79236,0,0.72865,0.44945,0.51678,0,-0.31933,0.89046,-0.3242,0,-206.18,373.52,182.12,1
-0.60649,0.071248,0.79189,0,0.72847,0.44888,0.51753,0,-0.31859,0.89075,-0.32414,0,-206.05,373.5,182.09,1
-0.60706,0.071181,0.79146,0,0.72829,0.44831,0.51828,0,-0.31793,0.89104,-0.32399,0,-205.92,373.46,182.07,1
-0.60758,0.070998,0.79108,0,0.7281,0.44774,0.51903,0,-0.31735,0.89134,-0.32373,0,-205.77,373.38,182.06,1
-0.60806,0.070691,0.79074,0,0.72792,0.44717,0.51978,0,-0.31685,0.89165,-0.32336,0,-205.6,373.28,182.05,1
-0.60849,0.07025,0.79044,0,0.72774,0.44659,0.52053,0,-0.31644,0.89197,-0.32287,0,-205.42,373.15,182.06,1
-0.60887,0.069667,0.7902,0,0.72755,0.44602,0.52128,0,-0.31613,0.89231,-0.32226,0,-205.23,372.98,182.07,1
-0.6092,0.068933,0.79002,0,0.72737,0.44545,0.52202,0,-0.31593,0.89265,-0.32151,0,-205.02,372.78,182.1,1
-0.60946,0.068039,0.78989,0,0.72718,0.44488,0.52276,0,-0.31584,0.893,-0.32062,0,-204.79,372.53,182.14,1
-0.60967,0.066975,0.78982,0,0.727,0.44432,0.5235,0,-0.31587,0.89336,-0.31958,0,-204.55,372.25,182.19,1
-0.60982,0.065731,0.78981,0,0.72681,0.44376,0.52424,0,-0.31603,0.89373,-0.31839,0,-204.29,371.92,182.25,1
-0.60989,0.064299,0.78987,0,0.72661,0.44321,0.52497,0,-0.31633,0.89411,-0.31703,0,-204.01,371.54,182.32,1
-0.6099,0.062668,0.79,0,0.72642,0.44267,0.5257,0,-0.31676,0.89449,-0.31551,0,-203.72,371.12,182.41,1
-0.60983,0.060828,0.79019,0,0.72622,0.44213,0.52642,0,-0.31735,0.89488,-0.3138,0,-203.4,370.64,182.51,1
-0.60968,0.058771,0.79046,0,0.72602,0.44161,0.52714,0,-0.31809,0.89528,-0.31191,0,-203.07,370.11,182.62,1
-0.60946,0.056486,0.79081,0,0.72581,0.44109,0.52786,0,-0.319,0.89568,-0.30983,0,-202.71,369.53,182.75,1
-0.60914,0.053966,0.79122,0,0.7256,0.44059,0.52857,0,-0.32008,0.89609,-0.30754,0,-202.34,368.88,182.89,1
-0.60874,0.051202,0.79172,0,0.72538,0.4401,0.52928,0,-0.32133,0.89649,-0.30505,0,-201.94,368.18,183.04,1
-0.60825,0.048185,0.79228,0,0.72516,0.43962,0.52998,0,-0.32277,0.89689,-0.30234,0,-201.52,367.41,183.21,1
-0.60765,0.044907,0.79293,0,0.72493,0.43915,0.53067,0,-0.32439,0.89729,-0.29941,0,-201.08,366.58,183.39,1
-0.60696,0.041361,0.79366,0,0.7247,0.4387,0.53136,0,-0.3262,0.89768,-0.29625,0,-200.61,365.69,183.59,1
-0.60616,0.03754,0.79446,0,0.72446,0.43827,0.53205,0,-0.32821,0.89806,-0.29286,0,-200.12,364.73,183.8,1
-0.60525,0.033436,0.79533,0,0.72422,0.43785,0.53272,0,-0.33042,0.89843,-0.28922,0,-199.6,363.69,184.02,1
-0.60422,0.029042,0.79629,0,0.72397,0.43745,0.53339,0,-0.33284,0.89878,-0.28534,0,-199.05,362.59,184.25,1
-0.60308,0.024353,0.79731,0,0.72371,0.43706,0.53406,0,-0.33547,0.8991,-0.28121,0,-198.48,361.42,184.5,1
-0.60181,0.019361,0.79841,0,0.72345,0.43669,0.53472,0,-0.33831,0.8994,-0.27681,0,-197.88,360.17,184.76,1
-0.6004,0.014062,0.79957,0,0.72318,0.43634,0.53537,0,-0.34136,0.89967,-0.27215,0,-197.25,358.84,185.03,1
-0.59886,0.008449,0.80081,0,0.72291,0.43601,0.53601,0,-0.34463,0.8999,-0.26722,0,-196.59,357.44,185.31,1
-0.59718,0.0025183,0.8021,0,0.72263,0.43569,0.53664,0,-0.34812,0.90009,-0.26201,0,-195.89,355.97,185.6,1
-0.59535,-0.0037352,0.80346,0,0.72234,0.4354,0.53727,0,-0.35183,0.90023,-0.25652,0,-195.17,354.41,185.9,1
-0.59336,-0.010316,0.80487,0,0.72205,0.43512,0.53788,0,-0.35576,0.90031,-0.25074,0,-194.41,352.78,186.21,1
-0.59121,-0.017227,0.80633,0,0.72175,0.43486,0.53849,0,-0.35992,0.90033,-0.24466,0,-193.61,351.07,186.53,1
-0.5889,-0.024472,0.80784,0,0.72145,0.43462,0.53909,0,-0.3643,0.90028,-0.23829,0,-192.78,349.27,186.85,1
-0.5864,-0.032054,0.80939,0,0.72114,0.4344,0.53967,0,-0.3689,0.90015,-0.23162,0,-191.91,347.4,187.17,1
-0.58372,-0.039975,0.81097,0,0.72083,0.4342,0.54025,0,-0.37372,0.89993,-0.22464,0,-191,345.44,187.5,1
-0.58085,-0.048238,0.81258,0,0.72052,0.43402,0.54081,0,-0.37876,0.89961,-0.21735,0,-190.05,343.41,187.83,1
-0.57779,-0.056842,0.81421,0,0.7202,0.43386,0.54137,0,-0.38402,0.89919,-0.20974,0,-189.06,341.29,188.16,1
-0.57451,-0.06579,0.81585,0,0.71988,0.43372,0.5419,0,-0.3895,0.89864,-0.20181,0,-188.02,339.09,188.49,1
-0.57101,-0.075081,0.8175,0,0.71956,0.43359,0.54243,0,-0.39519,0.89798,-0.19356,0,-186.94,336.81,188.82,1
-0.5673,-0.084715,0.81914,0,0.71924,0.43349,0.54294,0,-0.40109,0.89717,-0.18499,0,-185.81,334.46,189.14,1
-0.56335,-0.094692,0.82078,0,0.71892,0.4334,0.54343,0,-0.40719,0.89621,-0.17608,0,-184.63,332.02,189.46,1
-0.55915,-0.10501,0.82239,0,0.7186,0.43334,0.54391,0,-0.41349,0.89509,-0.16684,0,-183.41,329.5,189.76,1
-0.5547,-0.11566,0.82397,0,0.71827,0.43329,0.54437,0,-0.41998,0.8938,-0.15727,0,-182.13,326.9,190.06,1
-0.55,-0.12665,0.82551,0,0.71796,0.43326,0.54481,0,-0.42666,0.89233,-0.14736,0,-180.8,324.23,190.35,1
-0.54502,-0.13797,0.82699,0,0.71764,0.43325,0.54524,0,-0.43352,0.89065,-0.13712,0,-179.41,321.48,190.62,1
-0.53976,-0.14962,0.82841,0,0.71733,0.43326,0.54564,0,-0.44056,0.88876,-0.12653,0,-177.97,318.65,190.87,1
-0.53422,-0.16159,0.82976,0,0.71703,0.43329,0.54602,0,-0.44775,0.88665,-0.1156,0,-176.47,315.75,191.1,1
-0.52837,-0.17387,0.83102,0,0.71673,0.43333,0.54637,0,-0.45511,0.8843,-0.10434,0,-174.91,312.78,191.32,1
-0.52222,-0.18647,0.83218,0,0.71644,0.43339,0.5467,0,-0.4626,0.8817,-0.092734,0,-173.29,309.74,191.5,1
-0.51575,-0.19936,0.83322,0,0.71616,0.43347,0.54701,0,-0.47023,0.87884,-0.080789,0,-171.61,306.64,191.67,1
-0.50895,-0.21255,0.83414,0,0.71589,0.43357,0.54728,0,-0.47799,0.87569,-0.068506,0,-169.86,303.46,191.8,1
-0.50182,-0.22602,0.83492,0,0.71563,0.43369,0.54753,0,-0.48585,0.87225,-0.055888,0,-168.05,300.23,191.9,1
-0.49435,-0.23977,0.83554,0,0.71538,0.43383,0.54775,0,-0.49381,0.86851,-0.042936,0,-166.17,296.93,191.97,1
-0.48652,-0.25378,0.836,0,0.71515,0.43398,0.54793,0,-0.50186,0.86444,-0.029653,0,-164.22,293.58,192,1
-0.47833,-0.26804,0.83627,0,0.71493,0.43415,0.54808,0,-0.50997,0.86004,-0.016044,0,-162.21,290.17,192,1
-0.46978,-0.28253,0.83635,0,0.71473,0.43434,0.54819,0,-0.51815,0.85529,-0.0021125,0,-160.12,286.71,191.95,1
-0.46085,-0.29725,0.83622,0,0.71454,0.43455,0.54826,0,-0.52635,0.85018,0.012137,0,-157.96,283.2,191.85,1
-0.45153,-0.31218,0.83586,0,0.71438,0.43478,0.5483,0,-0.53459,0.84469,0.026697,0,-155.73,279.64,191.71,1
-0.44183,-0.32731,0.83526,0,0.71423,0.43503,0.54829,0,-0.54282,0.83882,0.041563,0,-153.43,276.05,191.52,1
-0.43174,-0.34261,0.8344,0,0.71411,0.4353,0.54824,0,-0.55105,0.83254,0.056726,0,-151.05,272.41,191.28,1
-0.42124,-0.35808,0.83327,0,0.71401,0.43559,0.54814,0,-0.55924,0.82586,0.072179,0,-148.6,268.75,190.99,1
-0.41034,-0.37368,0.83185,0,0.71393,0.43591,0.54799,0,-0.56738,0.81875,0.087913,0,-146.07,265.05,190.63,1
-0.39904,-0.38942,0.83014,0,0.71388,0.43624,0.54779,0,-0.57546,0.8112,0.10392,0,-143.47,261.32,190.22,1
-0.38732,-0.40525,0.8281,0,0.71385,0.4366,0.54754,0,-0.58344,0.80321,0.12018,0,-140.79,257.58,189.74,1
-0.37519,-0.42117,0.82574,0,0.71385,0.43698,0.54724,0,-0.59131,0.79477,0.1367,0,-138.04,253.82,189.2,1
-0.36265,-0.43715,0.82303,0,0.71387,0.43739,0.54688,0,-0.59905,0.78587,0.15345,0,-135.22,250.04,188.59,1
-0.3497,-0.45318,0.81996,0,0.71393,0.43782,0.54646,0,-0.60664,0.77649,0.17043,0,-132.31,246.26,187.92,1
-0.33633,-0.46922,0.81652,0,0.71401,0.43829,0.54597,0,-0.61405,0.76664,0.18762,0,-129.34,242.48,187.17,1
-0.32256,-0.48526,0.8127,0,0.71413,0.43878,0.54543,0,-0.62127,0.75631,0.205,0,-126.29,238.69,186.35,1
-0.30838,-0.50127,0.80848,0,0.71427,0.4393,0.54482,0,-0.62826,0.74548,0.22257,0,-123.18,234.92,185.45,1
-0.2938,-0.51722,0.80384,0,0.71445,0.43985,0.54415,0,-0.63502,0.73417,0.2403,0,-119.99,231.15,184.48,1
-0.27882,-0.5331,0.79879,0,0.71465,0.44044,0.5434,0,-0.6415,0.72237,0.25818,0,-116.73,227.4,183.43,1
-0.26345,-0.54888,0.7933,0,0.71489,0.44106,0.54258,0,-0.6477,0.71007,0.27619,0,-113.4,223.68,182.29,1
-0.24771,-0.56453,0.78737,0,0.71516,0.44172,0.54169,0,-0.6536,0.69727,0.29431,0,-110.01,219.98,181.08,1
-0.23159,-0.58003,0.78098,0,0.71546,0.44241,0.54073,0,-0.65915,0.68399,0.31253,0,-106.56,216.31,179.79,1
-0.21511,-0.59535,0.77414,0,0.71579,0.44315,0.53969,0,-0.66436,0.67021,0.33082,0,-103.05,212.68,178.41,1
-0.19827,-0.61046,0.76683,0,0.71615,0.44392,0.53857,0,-0.66919,0.65595,0.34916,0,-99.476,209.09,176.94,1
-0.18111,-0.62535,0.75904,0,0.71654,0.44474,0.53738,0,-0.67362,0.64121,0.36754,0,-95.849,205.55,175.39,1
-0.16362,-0.63997,0.75077,0,0.71696,0.44561,0.5361,0,-0.67764,0.62599,0.38592,0,-92.169,202.06,173.76,1
-0.14583,-0.65432,0.74202,0,0.71741,0.44652,0.53474,0,-0.68122,0.61031,0.4043,0,-88.441,198.62,172.04,1
-0.12774,-0.66836,0.73278,0,0.71788,0.44749,0.53329,0,-0.68435,0.59418,0.42264,0,-84.667,195.25,170.24,1
-0.10939,-0.68208,0.72305,0,0.71838,0.4485,0.53177,0,-0.68699,0.5776,0.44093,0,-80.851,191.95,168.35,1
-0.090787,-0.69544,0.71283,0,0.71891,0.44957,0.53016,0,-0.68915,0.56059,0.45914,0,-76.997,188.71,166.38,1
-0.071953,-0.70842,0.70212,0,0.71945,0.45069,0.52846,0,-0.6908,0.54317,0.47725,0,-73.109,185.55,164.32,1
-0.05291,-0.721,0.69092,0,0.72002,0.45186,0.52667,0,-0.69193,0.52534,0.49523,0,-69.191,182.46,162.18,1
-0.033681,-0.73316,0.67923,0,0.72061,0.4531,0.5248,0,-0.69252,0.50714,0.51306,0,-65.248,179.46,159.96,1
-0.01429,-0.74487,0.66705,0,0.72122,0.45439,0.52285,0,-0.69256,0.48857,0.53072,0,-61.283,176.55,157.66,1
0.0052382,-0.75612,0.65441,0,0.72185,0.45574,0.5208,0,-0.69203,0.46965,0.54819,0,-57.302,173.72,155.28,1
0.024878,-0.7669,0.64129,0,0.72248,0.45716,0.51868,0,-0.69094,0.45042,0.56544,0,-53.309,170.99,152.82,1
0.044604,-0.77717,0.62771,0,0.72313,0.45864,0.51646,0,-0.68927,0.43088,0.58245,0,-49.309,168.35,150.29,1
0.064388,-0.78693,0.61368,0,0.72379,0.46018,0.51416,0,-0.68701,0.41107,0.5992,0,-45.307,165.81,147.68,1
0.084203,-0.79616,0.5992,0,0.72445,0.46179,0.51178,0,-0.68416,0.391,0.61566,0,-41.308,163.37,145.01,1
0.10402,-0.80484,0.5843,0,0.72512,0.46347,0.50931,0,-0.68072,0.37071,0.63182,0,-37.316,161.03,142.27,1
0.12381,-0.81297,0.56899,0,0.72579,0.46521,0.50676,0,-0.67668,0.35022,0.64765,0,-33.338,158.8,139.47,1
0.14355,-0.82054,0.55327,0,0.72646,0.46702,0.50413,0,-0.67205,0.32956,0.66313,0,-29.377,156.68,136.61,1
0.16321,-0.82753,0.53718,0,0.72713,0.46889,0.50142,0,-0.66682,0.30876,0.67825,0,-25.44,154.66,133.69,1
0.18275,-0.83394,0.52071,0,0.72779,0.47084,0.49864,0,-0.661,0.28784,0.69298,0,-21.53,152.75,130.72,1
0.20216,-0.83977,0.50391,0,0.72844,0.47285,0.49578,0,-0.65461,0.26684,0.70731,0,-17.653,150.95,127.7,1
0.22139,-0.84501,0.48677,0,0.72908,0.47493,0.49284,0,-0.64764,0.24578,0.72122,0,-13.814,149.26,124.64,1
0.24043,-0.84966,0.46934,0,0.7297,0.47707,0.48984,0,-0.6401,0.2247,0.7347,0,-10.017,147.68,121.54,1
0.25925,-0.85372,0.45162,0,0.73031,0.47928,0.48677,0,-0.63202,0.20363,0.74772,0,-6.2672,146.2,118.4,1
0.27781,-0.85719,0.43365,0,0.73089,0.48155,0.48364,0,-0.62339,0.18259,0.76029,0,-2.569,144.83,115.23,1
0.2961,-0.86008,0.41544,0,0.73146,0.48388,0.48044,0,-0.61424,0.16162,0.77239,0,1.0737,143.57,112.04,1
0.31408,-0.8624,0.39702,0,0.732,0.48628,0.47719,0,-0.60459,0.14074,0.78401,0,4.6569,142.42,108.83,1
0.33175,-0.86414,0.37842,0,0.73251,0.48873,0.47388,0,-0.59444,0.11999,0.79513,0,8.1769,141.36,105.6,1
0.34907,-0.86533,0.35965,0,0.733,0.49124,0.47052,0,-0.58383,0.099381,0.80577,0,11.63,140.41,102.36,1
0.36602,-0.86598,0.34075,0,0.73346,0.49381,0.46711,0,-0.57277,0.078954,0.8159,0,15.014,139.56,99.114,1
0.3826,-0.86609,0.32174,0,0.73388,0.49643,0.46365,0,-0.56129,0.058728,0.82554,0,18.326,138.8,95.868,1
0.39877,-0.86567,0.30264,0,0.73427,0.49911,0.46015,0,-0.5494,0.038728,0.83466,0,21.562,138.13,92.625,1
0.41452,-0.86476,0.28349,0,0.73462,0.50183,0.45662,0,-0.53713,0.018978,0.84329,0,24.722,137.56,89.391,1
0.42985,-0.86335,0.26429,0,0.73494,0.5046,0.45304,0,-0.5245,-0.00049997,0.85141,0,27.802,137.07,86.169,1
0.44473,-0.86148,0.24509,0,0.73521,0.50741,0.44944,0,-0.51154,-0.019686,0.85903,0,30.802,136.66,82.966,1
0.45916,-0.85915,0.22589,0,0.73545,0.51027,0.4458,0,-0.49828,-0.038559,0.86616,0,33.719,136.33,79.785,1
0.47313,-0.85639,0.20674,0,0.73565,0.51316,0.44214,0,-0.48473,-0.057103,0.8728,0,36.554,136.08,76.63,1
0.48663,-0.85322,0.18764,0,0.73581,0.51608,0.43845,0,-0.47093,-0.075299,0.87895,0,39.304,135.9,73.506,1
0.49965,-0.84966,0.16862,0,0.73593,0.51904,0.43475,0,-0.45691,-0.093132,0.88463,0,41.97,135.79,70.418,1
0.51219,-0.84572,0.1497,0,0.736,0.52203,0.43103,0,-0.44268,-0.11059,0.88984,0,44.551,135.74,67.368,1
0.52425,-0.84144,0.13091,0,0.73603,0.52505,0.42729,0,-0.42827,-0.12765,0.89459,0,47.047,135.75,64.362,1
0.53582,-0.83684,0.11226,0,0.73602,0.52809,0.42354,0,-0.41372,-0.14432,0.89889,0,49.459,135.82,61.403,1
0.54691,-0.83192,0.093774,0,0.73597,0.53115,0.41979,0,-0.39904,-0.16057,0.90277,0,51.786,135.94,58.494,1
0.55751,-0.82673,0.075472,0,0.73588,0.53423,0.41603,0,-0.38426,-0.1764,0.90621,0,54.03,136.1,55.639,1
0.56763,-0.82128,0.057372,0,0.73575,0.53732,0.41226,0,-0.36941,-0.1918,0.90926,0,56.192,136.31,52.842,1
0.57728,-0.81559,0.039489,0,0.73558,0.54042,0.4085,0,-0.35451,-0.20677,0.9119,0,58.272,136.56,50.105,1
0.58645,-0.80969,0.021841,0,0.73536,0.54353,0.40474,0,-0.33959,-0.2213,0.91417,0,60.272,136.85,47.432,1
0.59515,-0.8036,0.0044428,0,0.73511,0.54664,0.40099,0,-0.32466,-0.23538,0.91607,0,62.193,137.16,44.825,1
0.60339,-0.79734,-0.012691,0,0.73482,0.54976,0.39724,0,-0.30976,-0.24902,0.91763,0,64.037,137.5,42.288,1
0.61119,-0.79094,-0.029545,0,0.7345,0.55287,0.3935,0,-0.2949,-0.2622,0.91885,0,65.805,137.87,39.822,1
0.61853,-0.7844,-0.046109,0,0.73414,0.55599,0.38977,0,-0.2801,-0.27494,0.91976,0,67.501,138.26,37.431,1
0.62545,-0.77777,-0.062369,0,0.73374,0.55909,0.38606,0,-0.2654,-0.28723,0.92036,0,69.124,138.66,35.116,1
0.63194,-0.77105,-0.078316,0,0.73331,0.56218,0.38236,0,-0.25079,-0.29906,0.92069,0,70.679,139.08,32.88,1
0.63803,-0.76426,-0.093937,0,0.73285,0.56526,0.37868,0,-0.23631,-0.31045,0.92075,0,72.166,139.5,30.724,1
0.64371,-0.75743,-0.10923,0,0.73237,0.56833,0.37502,0,-0.22198,-0.3214,0.92056,0,73.589,139.94,28.65,1
0.64901,-0.75058,-0.12417,0,0.73185,0.57138,0.37138,0,-0.2078,-0.33191,0.92014,0,74.949,140.37,26.66,1
0.65393,-0.74372,-0.13877,0,0.73131,0.5744,0.36777,0,-0.19381,-0.34198,0.91951,0,76.249,140.81,24.756,1
0.6585,-0.73686,-0.15301,0,0.73074,0.57741,0.36417,0,-0.18,-0.35161,0.91868,0,77.491,141.24,22.939,1
0.66272,-0.73004,-0.16688,0,0.73015,0.58039,0.3606,0,-0.1664,-0.36083,0.91767,0,78.678,141.67,21.209,1
0.66661,-0.72325,-0.18039,0,0.72954,0.58334,0.35706,0,-0.15302,-0.36962,0.9165,0,79.813,142.09,19.569,1
0.67017,-0.71653,-0.19352,0,0.72891,0.58626,0.35355,0,-0.13987,-0.378,0.91518,0,80.897,142.49,18.018,1
0.67344,-0.70988,-0.20628,0,0.72826,0.58915,0.35006,0,-0.12697,-0.38597,0.91373,0,81.934,142.89,16.559,1
0.67642,-0.70331,-0.21866,0,0.72759,0.59201,0.3466,0,-0.11432,-0.39355,0.91217,0,82.926,143.27,15.191,1
0.67912,-0.69684,-0.23066,0,0.72691,0.59483,0.34318,0,-0.10194,-0.40073,0.91051,0,83.875,143.64,13.916,1
0.68156,-0.69049,-0.24227,0,0.72622,0.59762,0.33978,0,-0.089829,-0.40753,0.90876,0,84.784,143.99,12.733,1
0.68376,-0.68426,-0.2535,0,0.72552,0.60036,0.33642,0,-0.078005,-0.41395,0.90695,0,85.654,144.31,11.644,1
0.68573,-0.67816,-0.26434,0,0.72482,0.60307,0.33309,0,-0.066471,-0.42001,0.90508,0,86.489,144.62,10.648,1
0.68748,-0.67221,-0.2748,0,0.7241,0.60574,0.32979,0,-0.055234,-0.4257,0.90318,0,87.291,144.9,9.7455,1
0.68903,-0.66641,-0.28486,0,0.72338,0.60836,0.32653,0,-0.0443,-0.43105,0.90124,0,88.062,145.16,8.9369,1
0.69038,-0.66077,-0.29455,0,0.72266,0.61094,0.3233,0,-0.033675,-0.43606,0.89929,0,88.804,145.39,8.2221,1
0.69157,-0.65529,-0.30385,0,0.72193,0.61347,0.32011,0,-0.023363,-0.44073,0.89734,0,89.519,145.6,7.6011,1
0.69259,-0.65,-0.31276,0,0.72121,0.61596,0.31695,0,-0.013368,-0.44508,0.89539,0,90.209,145.78,7.0735,1
0.69346,-0.64489,-0.3213,0,0.72048,0.6184,0.31383,0,-0.0036931,-0.44912,0.89347,0,90.876,145.94,6.6393,1
0.6942,-0.63996,-0.32945,0,0.71976,0.62079,0.31074,0,0.0056597,-0.45284,0.89157,0,91.522,146.06,6.2981,1
0.69481,-0.63523,-0.33723,0,0.71905,0.62313,0.30769,0,0.014688,-0.45627,0.88972,0,92.148,146.16,6.0494,1
0.6953,-0.6307,-0.34464,0,0.71834,0.62543,0.30468,0,0.023391,-0.45941,0.88792,0,92.756,146.23,5.8928,1
0.69569,-0.62636,-0.35168,0,0.71763,0.62768,0.3017,0,0.031767,-0.46227,0.88617,0,93.348,146.27,5.8278,1
0.696,-0.62223,-0.35835,0,0.71694,0.62987,0.29876,0,0.039817,-0.46485,0.88449,0,93.926,146.29,5.8538,1
0.69622,-0.61831,-0.36466,0,0.71625,0.63202,0.29586,0,0.047541,-0.46717,0.88289,0,94.489,146.27,5.97,1
0.69637,-0.61459,-0.37061,0,0.71558,0.63411,0.293,0,0.054939,-0.46924,0.88136,0,95.041,146.23,6.1757,1
0.69645,-0.61108,-0.37621,0,0.71492,0.63616,0.29017,0,0.062014,-0.47105,0.87992,0,95.581,146.16,6.4701,1
0.69649,-0.60778,-0.38146,0,0.71427,0.63815,0.28738,0,0.068765,-0.47262,0.87858,0,96.111,146.06,6.8523,1
0.69648,-0.60469,-0.38636,0,0.71363,0.64009,0.28463,0,0.075197,-0.47395,0.87733,0,96.632,145.94,7.3213,1
0.69643,-0.6018,-0.39092,0,0.71301,0.64199,0.28191,0,0.08131,-0.47506,0.87619,0,97.144,145.79,7.8761,1
0.69635,-0.59913,-0.39515,0,0.7124,0.64383,0.27924,0,0.087109,-0.47595,0.87515,0,97.649,145.62,8.5155,1
0.69625,-0.59666,-0.39904,0,0.71181,0.64562,0.2766,0,0.092596,-0.47662,0.87422,0,98.147,145.42,9.2385,1
0.69613,-0.5944,-0.40261,0,0.71123,0.64736,0.27399,0,0.097776,-0.47709,0.8734,0,98.639,145.2,10.044,1
0.696,-0.59234,-0.40586,0,0.71067,0.64906,0.27143,0,0.10265,-0.47735,0.8727,0,99.125,144.96,10.93,1
0.69586,-0.59047,-0.4088,0,0.71013,0.6507,0.2689,0,0.10723,-0.47742,0.87211,0,99.606,144.69,11.896,1
0.69572,-0.58881,-0.41143,0,0.7096,0.65229,0.26641,0,0.11151,-0.4773,0.87164,0,100.08,144.41,12.939,1
0.69559,-0.58734,-0.41375,0,0.7091,0.65384,0.26396,0,0.1155,-0.477,0.87128,0,100.55,144.11,14.06,1
0.69546,-0.58605,-0.41578,0,0.70861,0.65534,0.26154,0,0.1192,-0.47652,0.87105,0,101.02,143.79,15.255,1
0.69535,-0.58495,-0.41752,0,0.70814,0.65679,0.25916,0,0.12263,-0.47587,0.87093,0,101.48,143.45,16.524,1
0.69524,-0.58404,-0.41897,0,0.70768,0.6582,0.25682,0,0.12578,-0.47505,0.87092,0,101.94,143.1,17.864,1
0.69516,-0.58329,-0.42015,0,0.70725,0.65956,0.25451,0,0.12866,-0.47408,0.87103,0,102.39,142.74,19.274,1
0.69509,-0.58272,-0.42105,0,0.70684,0.66088,0.25224,0,0.13128,-0.47294,0.87126,0,102.84,142.36,20.751,1
0.69504,-0.58232,-0.42169,0,0.70644,0.66215,0.25,0,0.13364,-0.47166,0.87159,0,103.28,141.98,22.294,1
0.69502,-0.58207,-0.42207,0,0.70606,0.66338,0.2478,0,0.13576,-0.47023,0.87204,0,103.72,141.58,23.901,1
0.69502,-0.58198,-0.42221,0,0.7057,0.66457,0.24563,0,0.13763,-0.46867,0.87259,0,104.15,141.18,25.569,1
0.69504,-0.58203,-0.42209,0,0.70535,0.66572,0.2435,0,0.13927,-0.46697,0.87324,0,104.58,140.77,27.296,1
0.69508,-0.58223,-0.42175,0,0.70503,0.66683,0.2414,0,0.14068,-0.46514,0.87399,0,105,140.36,29.079,1
0.69516,-0.58256,-0.42117,0,0.70472,0.6679,0.23934,0,0.14187,-0.46318,0.87483,0,105.42,139.95,30.917,1
0.69525,-0.58302,-0.42038,0,0.70443,0.66893,0.2373,0,0.14285,-0.46111,0.87577,0,105.83,139.53,32.807,1
0.69537,-0.5836,-0.41937,0,0.70415,0.66993,0.2353,0,0.14363,-0.45892,0.87679,0,106.24,139.12,34.745,1
0.69551,-0.5843,-0.41816,0,0.70389,0.67089,0.23333,0,0.1442,-0.45663,0.87789,0,106.64,138.71,36.73,1
0.69568,-0.5851,-0.41676,0,0.70365,0.67181,0.2314,0,0.1446,-0.45423,0.87907,0,107.03,138.3,38.758,1
0.69587,-0.58601,-0.41517,0,0.70342,0.67271,0.22949,0,0.14481,-0.45173,0.88032,0,107.41,137.89,40.826,1
0.69607,-0.587,-0.41341,0,0.70321,0.67357,0.22761,0,0.14485,-0.44914,0.88164,0,107.79,137.5,42.932,1
0.6963,-0.58809,-0.41148,0,0.70301,0.6744,0.22576,0,0.14473,-0.44647,0.88302,0,108.16,137.11,45.072,1
0.69655,-0.58926,-0.40939,0,0.70282,0.6752,0.22394,0,0.14446,-0.44371,0.88445,0,108.53,136.73,47.243,1
0.69681,-0.59049,-0.40716,0,0.70264,0.67597,0.22215,0,0.14405,-0.44088,0.88593,0,108.88,136.36,49.441,1
0.69708,-0.5918,-0.40479,0,0.70248,0.67672,0.22038,0,0.14351,-0.43798,0.88746,0,109.23,136,51.664,1
0.69737,-0.59316,-0.40229,0,0.70233,0.67744,0.21864,0,0.14284,-0.43502,0.88902,0,109.57,135.66,53.908,1
0.69767,-0.59457,-0.39968,0,0.70219,0.67814,0.21692,0,0.14206,-0.432,0.89062,0,109.9,135.33,56.168,1
0.69798,-0.59603,-0.39697,0,0.70207,0.67881,0.21523,0,0.14118,-0.42892,0.89224,0,110.23,135.01,58.444,1
0.69829,-0.59752,-0.39416,0,0.70195,0.67945,0.21357,0,0.1402,-0.42581,0.89389,0,110.54,134.71,60.73,1
0.69861,-0.59905,-0.39126,0,0.70184,0.68008,0.21192,0,0.13914,-0.42265,0.89555,0,110.85,134.43,63.023,1
0.69894,-0.6006,-0.38829,0,0.70174,0.68069,0.2103,0,0.138,-0.41946,0.89722,0,111.15,134.17,65.322,1
0.69926,-0.60217,-0.38525,0,0.70165,0.68127,0.2087,0,0.13679,-0.41625,0.8989,0,111.45,133.92,67.621,1
0.69959,-0.60376,-0.38216,0,0.70157,0.68183,0.20712,0,0.13552,-0.41301,0.90059,0,111.73,133.69,69.919,1
0.69992,-0.60536,-0.37902,0,0.7015,0.68238,0.20556,0,0.1342,-0.40975,0.90227,0,112.01,133.48,72.213,1
0.70024,-0.60697,-0.37584,0,0.70144,0.68291,0.20402,0,0.13283,-0.40649,0.90395,0,112.28,133.3,74.499,1
0.70056,-0.60857,-0.37263,0,0.70138,0.68342,0.20249,0,0.13143,-0.40322,0.90562,0,112.54,133.13,76.775,1
0.70088,-0.61018,-0.3694,0,0.70134,0.68391,0.20099,0,0.13,-0.39994,0.90727,0,112.8,132.98,79.037,1
0.70118,-0.61177,-0.36616,0,0.7013,0.68438,0.19951,0,0.12854,-0.39668,0.90891,0,113.05,132.85,81.284,1
0.70148,-0.61336,-0.36292,0,0.70126,0.68484,0.19804,0,0.12707,-0.39342,0.91053,0,113.29,132.74,83.512,1
0.70177,-0.61493,-0.35968,0,0.70124,0.68528,0.19659,0,0.1256,-0.39019,0.91213,0,113.53,132.65,85.719,1
0.70205,-0.61649,-0.35646,0,0.70122,0.68571,0.19516,0,0.12412,-0.38697,0.9137,0,113.76,132.58,87.902,1
0.70232,-0.61802,-0.35326,0,0.70121,0.68612,0.19374,0,0.12265,-0.38378,0.91524,0,113.99,132.54,90.058,1
0.70258,-0.61953,-0.3501,0,0.70121,0.68652,0.19234,0,0.12119,-0.38063,0.91675,0,114.21,132.51,92.186,1
0.70282,-0.62102,-0.34697,0,0.70122,0.6869,0.19096,0,0.11975,-0.37751,0.91823,0,114.42,132.5,94.283,1
0.70304,-0.62247,-0.34389,0,0.70123,0.68726,0.18959,0,0.11833,-0.37443,0.91967,0,114.64,132.51,96.347,1
0.70326,-0.6239,-0.34086,0,0.70125,0.68761,0.18823,0,0.11694,-0.3714,0.92108,0,114.85,132.54,98.375,1
0.70345,-0.62529,-0.33789,0,0.70128,0.68795,0.18689,0,0.11559,-0.36843,0.92244,0,115.05,132.58,100.37,1
0.70363,-0.62665,-0.33499,0,0.70132,0.68827,0.18557,0,0.11428,-0.36551,0.92377,0,115.26,132.65,102.32,1
0.70378,-0.62797,-0.33217,0,0.70137,0.68857,0.18426,0,0.11301,-0.36265,0.92505,0,115.46,132.73,104.23,1
0.70392,-0.62926,-0.32943,0,0.70142,0.68886,0.18296,0,0.1118,-0.35986,0.92628,0,115.66,132.82,106.09,1
0.70404,-0.63051,-0.32678,0,0.70148,0.68914,0.18168,0,0.11064,-0.35714,0.92747,0,115.86,132.94,107.91,1
0.70414,-0.63171,-0.32422,0,0.70156,0.6894,0.18041,0,0.10955,-0.3545,0.92862,0,116.05,133.07,109.69,1
0.70422,-0.63288,-0.32177,0,0.70164,0.68964,0.17916,0,0.10852,-0.35194,0.92971,0,116.25,133.21,111.41,1
0.70428,-0.634,-0.31943,0,0.70173,0.68987,0.17792,0,0.10756,-0.34946,0.93076,0,116.45,133.36,113.08,1
0.70431,-0.63508,-0.3172,0,0.70183,0.69008,0.1767,0,0.10667,-0.34707,0.93175,0,116.64,133.53,114.71,1
0.70432,-0.63612,-0.31509,0,0.70194,0.69027,0.17549,0,0.10587,-0.34477,0.9327,0,116.84,133.72,116.27,1
0.70431,-0.63712,-0.3131,0,0.70207,0.69045,0.17429,0,0.10514,-0.34257,0.93359,0,117.04,133.91,117.79,1
0.70427,-0.63807,-0.31125,0,0.7022,0.69061,0.17311,0,0.1045,-0.34047,0.93443,0,117.24,134.11,119.25,1
0.70421,-0.63897,-0.30953,0,0.70235,0.69076,0.17194,0,0.10394,-0.33848,0.93522,0,117.45,134.32,120.65,1
0.70412,-0.63983,-0.30795,0,0.7025,0.69088,0.17079,0,0.10348,-0.33659,0.93595,0,117.65,134.55,121.99,1
0.704,-0.64065,-0.30652,0,0.70267,0.69099,0.16965,0,0.10312,-0.33482,0.93662,0,117.86,134.78,123.27,1
0.70386,-0.64142,-0.30523,0,0.70286,0.69108,0.16852,0,0.10285,-0.33315,0.93725,0,118.08,135.01,124.49,1
0.70369,-0.64214,-0.3041,0,0.70305,0.69115,0.16742,0,0.10268,-0.33161,0.93781,0,118.29,135.26,125.64,1
0.70349,-0.64282,-0.30313,0,0.70326,0.6912,0.16632,0,0.10261,-0.33019,0.93832,0,118.51,135.51,126.74,1
0.70326,-0.64346,-0.30232,0,0.70349,0.69123,0.16524,0,0.10265,-0.32889,0.93877,0,118.74,135.76,127.77,1
0.70299,-0.64404,-0.30167,0,0.70373,0.69124,0.16418,0,0.10279,-0.32771,0.93917,0,118.97,136.02,128.74,1
0.7027,-0.64459,-0.30119,0,0.70398,0.69123,0.16313,0,0.10304,-0.32667,0.93951,0,119.2,136.28,129.64,1
0.70238,-0.64508,-0.30089,0,0.70425,0.6912,0.1621,0,0.1034,-0.32576,0.93978,0,119.44,136.55,130.47,1
0.70202,-0.64554,-0.30075,0,0.70454,0.69114,0.16109,0,0.10387,-0.32498,0.94,0,119.68,136.82,131.24,1
0.70163,-0.64594,-0.30079,0,0.70484,0.69106,0.16009,0,0.10446,-0.32433,0.94016,0,119.93,137.09,131.94,1
0.7012,-0.6463,-0.30101,0,0.70517,0.69096,0.15911,0,0.10516,-0.32383,0.94025,0,120.19,137.35,132.57,1
0.70074,-0.64662,-0.30141,0,0.7055,0.69084,0.15814,0,0.10597,-0.32346,0.94029,0,120.44,137.62,133.14,1
0.70024,-0.64689,-0.30199,0,0.70586,0.69069,0.15719,0,0.10689,-0.32324,0.94026,0,120.71,137.89,133.63,1
0.6997,-0.64712,-0.30275,0,0.70624,0.69051,0.15626,0,0.10793,-0.32315,0.94017,0,120.98,138.16,134.06,1
0.69912,-0.6473,-0.3037,0,0.70663,0.69032,0.15535,0,0.10909,-0.32322,0.94002,0,121.25,138.43,134.41,1
0.6985,-0.64743,-0.30484,0,0.70705,0.69009,0.15446,0,0.11036,-0.32342,0.9398,0,121.53,138.69,134.7,1
0.69784,-0.64753,-0.30616,0,0.70748,0.68984,0.15358,0,0.11175,-0.32378,0.93951,0,121.82,138.95,134.92,1
0.69713,-0.64757,-0.30766,0,0.70794,0.68956,0.15273,0,0.11325,-0.32428,0.93916,0,122.11,139.21,135.06,1
0.69638,-0.64757,-0.30936,0,0.70842,0.68926,0.15189,0,0.11487,-0.32493,0.93874,0,122.4,139.47,135.14,1
0.69559,-0.64753,-0.31124,0,0.70892,0.68892,0.15107,0,0.1166,-0.32573,0.93825,0,122.7,139.72,135.14,1
0.69474,-0.64743,-0.31331,0,0.70944,0.68856,0.15027,0,0.11844,-0.32667,0.93769,0,123.01,139.96,135.07,1
0.69385,-0.6473,-0.31556,0,0.70999,0.68817,0.14949,0,0.12039,-0.32777,0.93706,0,123.31,140.21,134.94,1
0.69291,-0.64711,-0.318,0,0.71055,0.68774,0.14874,0,0.12245,-0.32902,0.93635,0,123.62,140.45,134.73,1
0.69191,-0.64688,-0.32062,0,0.71114,0.68729,0.148,0,0.12462,-0.33041,0.93557,0,123.94,140.68,134.45,1
0.69086,-0.64661,-0.32343,0,0.71176,0.68681,0.14728,0,0.1269,-0.33196,0.93472,0,124.26,140.91,134.1,1
0.68976,-0.64628,-0.32642,0,0.7124,0.68629,0.14658,0,0.12928,-0.33365,0.93379,0,124.57,141.14,133.69,1
0.6886,-0.64591,-0.32958,0,0.71306,0.68575,0.14591,0,0.13177,-0.33549,0.93278,0,124.9,141.36,133.2,1
0.68739,-0.64549,-0.33293,0,0.71376,0.68517,0.14525,0,0.13435,-0.33747,0.9317,0,125.22,141.57,132.64,1
0.68611,-0.64502,-0.33645,0,0.71447,0.68456,0.14462,0,0.13703,-0.33961,0.93053,0,125.54,141.78,132.01,1
0.68478,-0.6445,-0.34014,0,0.71521,0.68391,0.14401,0,0.13981,-0.34189,0.92928,0,125.87,141.99,131.32,1
0.68338,-0.64393,-0.344,0,0.71598,0.68323,0.14342,0,0.14268,-0.34431,0.92795,0,126.19,142.19,130.55,1
0.68193,-0.64331,-0.34803,0,0.71678,0.68252,0.14285,0,0.14564,-0.34687,0.92654,0,126.51,142.38,129.72,1
0.6804,-0.64265,-0.35222,0,0.7176,0.68177,0.1423,0,0.14868,-0.34958,0.92504,0,126.83,142.58,128.83,1
0.67882,-0.64192,-0.35657,0,0.71845,0.68098,0.14178,0,0.1518,-0.35242,0.92345,0,127.15,142.77,127.86,1
0.67716,-0.64115,-0.36108,0,0.71932,0.68016,0.14128,0,0.15501,-0.3554,0.92177,0,127.47,142.95,126.83,1
0.67544,-0.64033,-0.36573,0,0.72023,0.6793,0.1408,0,0.15828,-0.35851,0.92001,0,127.79,143.13,125.74,1
0.67365,-0.63945,-0.37054,0,0.72116,0.6784,0.14034,0,0.16163,-0.36176,0.91815,0,128.09,143.31,124.58,1
0.67179,-0.63852,-0.37549,0,0.72212,0.67747,0.13991,0,0.16505,-0.36514,0.91621,0,128.4,143.49,123.35,1
0.66986,-0.63754,-0.38057,0,0.72311,0.6765,0.1395,0,0.16852,-0.36864,0.91417,0,128.7,143.66,122.07,1
